d.116	7
1.0	0.246666666667	0.373333333333	0.373333333333	0.266666666667	0.36	0.24	
0.246666666667	1.0	0.198675496689	0.198675496689	0.205298013245	0.205298013245	0.245033112583	
0.373333333333	0.198675496689	1.0	1.0	0.230769230769	0.923076923077	0.237179487179	
0.373333333333	0.198675496689	1.0	1.0	0.229299363057	0.923566878981	0.235668789809	
0.266666666667	0.205298013245	0.230769230769	0.229299363057	1.0	0.248407643312	0.617834394904	
0.36	0.205298013245	0.923076923077	0.923566878981	0.248407643312	1.0	0.229299363057	
0.24	0.245033112583	0.237179487179	0.235668789809	0.617834394904	0.229299363057	1.0	
Fold d.116 solved.

d.289	2
1.0	0.247191011236	
0.247191011236	1.0	
Fold d.289 solved.

d.288	7
1.0	0.523255813953	0.372093023256	0.348837209302	0.460526315789	0.360465116279	0.46511627907	
0.523255813953	1.0	0.337209302326	0.360465116279	0.5	0.325581395349	0.406976744186	
0.372093023256	0.337209302326	1.0	0.322916666667	0.394736842105	0.860465116279	0.372093023256	
0.348837209302	0.360465116279	0.322916666667	1.0	0.434210526316	0.372093023256	0.5	
0.460526315789	0.5	0.394736842105	0.434210526316	1.0	0.394736842105	0.486842105263	
0.360465116279	0.325581395349	0.860465116279	0.372093023256	0.394736842105	1.0	0.348837209302	
0.46511627907	0.406976744186	0.372093023256	0.5	0.486842105263	0.348837209302	1.0	
Fold d.288 solved.

d.285	1
1.0	
Fold d.285 solved.

d.284	6
1.0	1.0	0.3	0.325	0.175	0.425	
1.0	1.0	0.291139240506	0.291139240506	0.177215189873	0.417721518987	
0.3	0.291139240506	1.0	0.292682926829	0.202380952381	0.44578313253	
0.325	0.291139240506	0.292682926829	1.0	0.256097560976	0.329268292683	
0.175	0.177215189873	0.202380952381	0.256097560976	1.0	0.228915662651	
0.425	0.417721518987	0.44578313253	0.329268292683	0.228915662651	1.0	
Fold d.284 solved.

d.286	4
1.0	0.3	0.296703296703	1.0	
0.3	1.0	1.0	0.3	
0.296703296703	1.0	1.0	0.307692307692	
1.0	0.3	0.307692307692	1.0	
Fold d.286 solved.

b.52	39
1.0	0.729508196721	0.256	0.21186440678	0.23275862069	0.217391304348	0.23275862069	0.230769230769	0.23275862069	0.224137931034	0.222222222222	0.208	0.232	0.232	0.232	0.175	0.175257731959	0.197674418605	0.202380952381	0.204819277108	0.195402298851	0.209302325581	0.2	0.218390804598	0.186991869919	0.166666666667	0.25	0.188888888889	0.182795698925	0.178947368421	0.210526315789	0.178947368421	0.2	0.216	0.243902439024	0.165289256198	0.24	0.20325203252	0.224	
0.729508196721	1.0	0.311475409836	0.186440677966	0.172413793103	0.173913043478	0.198275862069	0.17094017094	0.224137931034	0.198275862069	0.188034188034	0.180327868852	0.196721311475	0.262295081967	0.245901639344	0.2	0.144329896907	0.186046511628	0.190476190476	0.156626506024	0.183908045977	0.232558139535	0.223529411765	0.287356321839	0.204918032787	0.203703703704	0.27380952381	0.2	0.172043010753	0.189473684211	0.189473684211	0.157894736842	0.152941176471	0.16393442623	0.231707317073	0.190082644628	0.319672131148	0.213114754098	0.213114754098	
0.256	0.311475409836	1.0	0.228813559322	0.23275862069	0.234782608696	0.23275862069	0.239316239316	0.224137931034	0.241379310345	0.230769230769	0.198412698413	0.225352112676	0.218309859155	0.267605633803	0.266666666667	0.185567010309	0.174418604651	0.190476190476	0.180722891566	0.195402298851	0.244186046512	0.235294117647	0.229885057471	0.19512195122	0.203703703704	0.202380952381	0.188888888889	0.193548387097	0.210526315789	0.242105263158	0.189473684211	0.188235294118	0.206349206349	0.317073170732	0.239669421488	0.647887323944	0.19512195122	0.267605633803	
0.21186440678	0.186440677966	0.228813559322	1.0	0.991379310345	0.991304347826	0.991379310345	0.991452991453	0.991379310345	0.991379310345	0.991452991453	0.991525423729	0.245762711864	0.220338983051	0.203389830508	0.194915254237	0.216494845361	0.220930232558	0.22619047619	0.228915662651	0.229885057471	0.186046511628	0.188235294118	0.229885057471	0.203389830508	0.361111111111	0.214285714286	0.211111111111	0.204301075269	0.221052631579	0.221052631579	0.221052631579	0.223529411765	0.991525423729	0.219512195122	0.161016949153	0.21186440678	0.991525423729	0.262711864407	
0.23275862069	0.172413793103	0.23275862069	0.991379310345	1.0	1.0	0.98275862069	0.991379310345	0.98275862069	0.98275862069	0.98275862069	0.98275862069	0.23275862069	0.258620689655	0.25	0.181034482759	0.216494845361	0.220930232558	0.22619047619	0.228915662651	0.229885057471	0.186046511628	0.211764705882	0.229885057471	0.189655172414	0.351851851852	0.214285714286	0.211111111111	0.204301075269	0.221052631579	0.221052631579	0.221052631579	0.223529411765	0.991379310345	0.219512195122	0.155172413793	0.23275862069	0.98275862069	0.258620689655	
0.217391304348	0.173913043478	0.234782608696	0.991304347826	1.0	1.0	0.991304347826	0.991304347826	0.982608695652	0.991304347826	0.982608695652	0.982608695652	0.226086956522	0.234782608696	0.252173913043	0.182608695652	0.216494845361	0.220930232558	0.22619047619	0.228915662651	0.229885057471	0.186046511628	0.211764705882	0.229885057471	0.191304347826	0.351851851852	0.214285714286	0.211111111111	0.204301075269	0.221052631579	0.221052631579	0.221052631579	0.223529411765	0.991304347826	0.219512195122	0.147826086957	0.226086956522	0.982608695652	0.269565217391	
0.23275862069	0.198275862069	0.23275862069	0.991379310345	0.98275862069	0.991304347826	1.0	0.98275862069	0.98275862069	0.974137931034	0.98275862069	0.98275862069	0.215517241379	0.215517241379	0.224137931034	0.163793103448	0.216494845361	0.220930232558	0.202380952381	0.228915662651	0.229885057471	0.197674418605	0.211764705882	0.229885057471	0.198275862069	0.361111111111	0.214285714286	0.211111111111	0.204301075269	0.221052631579	0.221052631579	0.221052631579	0.223529411765	0.98275862069	0.207317073171	0.146551724138	0.215517241379	0.98275862069	0.258620689655	
0.230769230769	0.17094017094	0.239316239316	0.991452991453	0.991379310345	0.991304347826	0.98275862069	1.0	0.98275862069	0.991379310345	0.982905982906	0.982905982906	0.239316239316	0.239316239316	0.205128205128	0.17094017094	0.216494845361	0.220930232558	0.22619047619	0.228915662651	0.229885057471	0.209302325581	0.211764705882	0.229885057471	0.17094017094	0.351851851852	0.214285714286	0.211111111111	0.204301075269	0.221052631579	0.221052631579	0.221052631579	0.223529411765	1.0	0.231707317073	0.145299145299	0.230769230769	0.982905982906	0.25641025641	
0.23275862069	0.224137931034	0.224137931034	0.991379310345	0.98275862069	0.982608695652	0.98275862069	0.98275862069	1.0	0.98275862069	0.98275862069	0.98275862069	0.241379310345	0.241379310345	0.198275862069	0.181034482759	0.226804123711	0.232558139535	0.238095238095	0.240963855422	0.241379310345	0.220930232558	0.223529411765	0.229885057471	0.198275862069	0.351851851852	0.22619047619	0.222222222222	0.215053763441	0.231578947368	0.231578947368	0.231578947368	0.235294117647	0.98275862069	0.231707317073	0.146551724138	0.23275862069	1.0	0.258620689655	
0.224137931034	0.198275862069	0.241379310345	0.991379310345	0.98275862069	0.991304347826	0.974137931034	0.991379310345	0.98275862069	1.0	0.98275862069	0.98275862069	0.224137931034	0.224137931034	0.198275862069	0.163793103448	0.226804123711	0.232558139535	0.214285714286	0.240963855422	0.241379310345	0.174418604651	0.223529411765	0.229885057471	0.189655172414	0.361111111111	0.22619047619	0.222222222222	0.215053763441	0.231578947368	0.231578947368	0.231578947368	0.235294117647	0.991379310345	0.219512195122	0.146551724138	0.224137931034	0.98275862069	0.258620689655	
0.222222222222	0.188034188034	0.230769230769	0.991452991453	0.98275862069	0.982608695652	0.98275862069	0.982905982906	0.98275862069	0.98275862069	1.0	1.0	0.25641025641	0.247863247863	0.205128205128	0.179487179487	0.216494845361	0.220930232558	0.22619047619	0.228915662651	0.229885057471	0.186046511628	0.188235294118	0.229885057471	0.17094017094	0.351851851852	0.214285714286	0.211111111111	0.204301075269	0.221052631579	0.221052631579	0.221052631579	0.223529411765	0.982905982906	0.219512195122	0.145299145299	0.205128205128	0.982905982906	0.25641025641	
0.208	0.180327868852	0.198412698413	0.991525423729	0.98275862069	0.982608695652	0.98275862069	0.982905982906	0.98275862069	0.98275862069	1.0	1.0	0.238095238095	0.230158730159	0.222222222222	0.2	0.226804123711	0.232558139535	0.238095238095	0.240963855422	0.241379310345	0.232558139535	0.235294117647	0.229885057471	0.186991869919	0.351851851852	0.238095238095	0.222222222222	0.215053763441	0.242105263158	0.242105263158	0.231578947368	0.235294117647	0.984126984127	0.268292682927	0.140495867769	0.206349206349	0.983739837398	0.238095238095	
0.232	0.196721311475	0.225352112676	0.245762711864	0.23275862069	0.226086956522	0.215517241379	0.239316239316	0.241379310345	0.224137931034	0.25641025641	0.238095238095	1.0	0.237762237762	0.251748251748	0.25	0.226804123711	0.244186046512	0.238095238095	0.228915662651	0.241379310345	0.267441860465	0.258823529412	0.218390804598	0.292682926829	0.240740740741	0.22619047619	0.244444444444	0.236559139785	0.2	0.2	0.231578947368	0.235294117647	0.222222222222	0.19512195122	0.272727272727	0.237762237762	0.235772357724	0.223776223776	
0.232	0.262295081967	0.218309859155	0.220338983051	0.258620689655	0.234782608696	0.215517241379	0.239316239316	0.241379310345	0.224137931034	0.247863247863	0.230158730159	0.237762237762	1.0	0.767741935484	0.3	0.237113402062	0.267441860465	0.261904761905	0.21686746988	0.264367816092	0.302325581395	0.305882352941	0.264367816092	0.276422764228	0.25	0.27380952381	0.233333333333	0.236559139785	0.242105263158	0.231578947368	0.242105263158	0.258823529412	0.230158730159	0.317073170732	0.272727272727	0.230769230769	0.227642276423	0.333333333333	
0.232	0.245901639344	0.267605633803	0.203389830508	0.25	0.252173913043	0.224137931034	0.205128205128	0.198275862069	0.198275862069	0.205128205128	0.222222222222	0.251748251748	0.767741935484	1.0	0.291666666667	0.257731958763	0.267441860465	0.261904761905	0.277108433735	0.252873563218	0.232558139535	0.235294117647	0.287356321839	0.308943089431	0.222222222222	0.261904761905	0.244444444444	0.236559139785	0.252631578947	0.242105263158	0.242105263158	0.258823529412	0.222222222222	0.219512195122	0.247933884298	0.202797202797	0.20325203252	0.340136054422	
0.175	0.2	0.266666666667	0.194915254237	0.181034482759	0.182608695652	0.163793103448	0.17094017094	0.181034482759	0.163793103448	0.179487179487	0.2	0.25	0.3	0.291666666667	1.0	0.226804123711	0.255813953488	0.261904761905	0.253012048193	0.252873563218	0.232558139535	0.235294117647	0.229885057471	0.4	0.231481481481	0.22619047619	0.244444444444	0.236559139785	0.231578947368	0.242105263158	0.231578947368	0.258823529412	0.191666666667	0.292682926829	0.75	0.216666666667	0.2	0.216666666667	
0.175257731959	0.144329896907	0.185567010309	0.216494845361	0.216494845361	0.216494845361	0.216494845361	0.216494845361	0.226804123711	0.226804123711	0.216494845361	0.226804123711	0.226804123711	0.237113402062	0.257731958763	0.226804123711	1.0	1.0	1.0	1.0	1.0	0.139534883721	0.141176470588	0.241379310345	0.268041237113	0.268041237113	0.821428571429	1.0	1.0	0.989473684211	0.989473684211	1.0	1.0	0.226804123711	0.170731707317	0.237113402062	0.216494845361	0.226804123711	0.247422680412	
0.197674418605	0.186046511628	0.174418604651	0.220930232558	0.220930232558	0.220930232558	0.220930232558	0.220930232558	0.232558139535	0.232558139535	0.220930232558	0.232558139535	0.244186046512	0.267441860465	0.267441860465	0.255813953488	1.0	1.0	1.0	1.0	1.0	0.151162790698	0.141176470588	0.232558139535	0.279069767442	0.255813953488	0.821428571429	1.0	1.0	0.988372093023	0.988372093023	1.0	1.0	0.232558139535	0.158536585366	0.244186046512	0.220930232558	0.232558139535	0.255813953488	
0.202380952381	0.190476190476	0.190476190476	0.22619047619	0.22619047619	0.22619047619	0.202380952381	0.22619047619	0.238095238095	0.214285714286	0.22619047619	0.238095238095	0.238095238095	0.261904761905	0.261904761905	0.261904761905	1.0	1.0	1.0	1.0	1.0	0.142857142857	0.142857142857	0.178571428571	0.285714285714	0.25	0.821428571429	1.0	1.0	0.988095238095	0.988095238095	1.0	1.0	0.238095238095	0.146341463415	0.25	0.22619047619	0.238095238095	0.25	
0.204819277108	0.156626506024	0.180722891566	0.228915662651	0.228915662651	0.228915662651	0.228915662651	0.228915662651	0.240963855422	0.240963855422	0.228915662651	0.240963855422	0.228915662651	0.21686746988	0.277108433735	0.253012048193	1.0	1.0	1.0	1.0	1.0	0.156626506024	0.144578313253	0.204819277108	0.228915662651	0.253012048193	0.819277108434	1.0	1.0	0.987951807229	0.987951807229	1.0	1.0	0.240963855422	0.146341463415	0.240963855422	0.204819277108	0.240963855422	0.253012048193	
0.195402298851	0.183908045977	0.195402298851	0.229885057471	0.229885057471	0.229885057471	0.229885057471	0.229885057471	0.241379310345	0.241379310345	0.229885057471	0.241379310345	0.241379310345	0.264367816092	0.252873563218	0.252873563218	1.0	1.0	1.0	1.0	1.0	0.151162790698	0.141176470588	0.229885057471	0.275862068966	0.252873563218	0.821428571429	1.0	1.0	0.988505747126	0.988505747126	1.0	1.0	0.241379310345	0.170731707317	0.252873563218	0.206896551724	0.241379310345	0.252873563218	
0.209302325581	0.232558139535	0.244186046512	0.186046511628	0.186046511628	0.186046511628	0.197674418605	0.209302325581	0.220930232558	0.174418604651	0.186046511628	0.232558139535	0.267441860465	0.302325581395	0.232558139535	0.232558139535	0.139534883721	0.151162790698	0.142857142857	0.156626506024	0.151162790698	1.0	1.0	0.220930232558	0.290697674419	0.151162790698	0.202380952381	0.139534883721	0.139534883721	0.139534883721	0.139534883721	0.139534883721	0.141176470588	0.232558139535	0.182926829268	0.209302325581	0.220930232558	0.197674418605	0.232558139535	
0.2	0.223529411765	0.235294117647	0.188235294118	0.211764705882	0.211764705882	0.211764705882	0.211764705882	0.223529411765	0.223529411765	0.188235294118	0.235294117647	0.258823529412	0.305882352941	0.235294117647	0.235294117647	0.141176470588	0.141176470588	0.142857142857	0.144578313253	0.141176470588	1.0	1.0	0.211764705882	0.294117647059	0.164705882353	0.22619047619	0.141176470588	0.152941176471	0.141176470588	0.141176470588	0.141176470588	0.141176470588	0.235294117647	0.182926829268	0.211764705882	0.211764705882	0.2	0.211764705882	
0.218390804598	0.287356321839	0.229885057471	0.229885057471	0.229885057471	0.229885057471	0.229885057471	0.229885057471	0.229885057471	0.229885057471	0.229885057471	0.229885057471	0.218390804598	0.264367816092	0.287356321839	0.229885057471	0.241379310345	0.232558139535	0.178571428571	0.204819277108	0.229885057471	0.220930232558	0.211764705882	1.0	0.241379310345	0.183908045977	0.154761904762	0.241379310345	0.241379310345	0.241379310345	0.229885057471	0.241379310345	0.235294117647	0.229885057471	0.170731707317	0.252873563218	0.241379310345	0.229885057471	0.183908045977	
0.186991869919	0.204918032787	0.19512195122	0.203389830508	0.189655172414	0.191304347826	0.198275862069	0.17094017094	0.198275862069	0.189655172414	0.17094017094	0.186991869919	0.292682926829	0.276422764228	0.308943089431	0.4	0.268041237113	0.279069767442	0.285714285714	0.228915662651	0.275862068966	0.290697674419	0.294117647059	0.241379310345	1.0	0.240740740741	0.27380952381	0.266666666667	0.268817204301	0.263157894737	0.273684210526	0.263157894737	0.282352941176	0.186991869919	0.353658536585	0.421487603306	0.20325203252	0.178861788618	0.243902439024	
0.166666666667	0.203703703704	0.203703703704	0.361111111111	0.351851851852	0.351851851852	0.361111111111	0.351851851852	0.351851851852	0.361111111111	0.351851851852	0.351851851852	0.240740740741	0.25	0.222222222222	0.231481481481	0.268041237113	0.255813953488	0.25	0.253012048193	0.252873563218	0.151162790698	0.164705882353	0.183908045977	0.240740740741	1.0	0.214285714286	0.266666666667	0.247311827957	0.252631578947	0.252631578947	0.252631578947	0.247058823529	0.351851851852	0.219512195122	0.212962962963	0.240740740741	0.351851851852	0.231481481481	
0.25	0.27380952381	0.202380952381	0.214285714286	0.214285714286	0.214285714286	0.214285714286	0.214285714286	0.22619047619	0.22619047619	0.214285714286	0.238095238095	0.22619047619	0.27380952381	0.261904761905	0.22619047619	0.821428571429	0.821428571429	0.821428571429	0.819277108434	0.821428571429	0.202380952381	0.22619047619	0.154761904762	0.27380952381	0.214285714286	1.0	0.821428571429	0.821428571429	0.821428571429	0.809523809524	0.821428571429	0.821428571429	0.238095238095	0.182926829268	0.285714285714	0.202380952381	0.238095238095	0.214285714286	
0.188888888889	0.2	0.188888888889	0.211111111111	0.211111111111	0.211111111111	0.211111111111	0.211111111111	0.222222222222	0.222222222222	0.211111111111	0.222222222222	0.244444444444	0.233333333333	0.244444444444	0.244444444444	1.0	1.0	1.0	1.0	1.0	0.139534883721	0.141176470588	0.241379310345	0.266666666667	0.266666666667	0.821428571429	1.0	1.0	0.988888888889	0.988888888889	1.0	1.0	0.222222222222	0.170731707317	0.244444444444	0.222222222222	0.222222222222	0.255555555556	
0.182795698925	0.172043010753	0.193548387097	0.204301075269	0.204301075269	0.204301075269	0.204301075269	0.204301075269	0.215053763441	0.215053763441	0.204301075269	0.215053763441	0.236559139785	0.236559139785	0.236559139785	0.236559139785	1.0	1.0	1.0	1.0	1.0	0.139534883721	0.152941176471	0.241379310345	0.268817204301	0.247311827957	0.821428571429	1.0	1.0	0.989247311828	0.989247311828	1.0	1.0	0.215053763441	0.170731707317	0.236559139785	0.225806451613	0.215053763441	0.258064516129	
0.178947368421	0.189473684211	0.210526315789	0.221052631579	0.221052631579	0.221052631579	0.221052631579	0.221052631579	0.231578947368	0.231578947368	0.221052631579	0.242105263158	0.2	0.242105263158	0.252631578947	0.231578947368	0.989473684211	0.988372093023	0.988095238095	0.987951807229	0.988505747126	0.139534883721	0.141176470588	0.241379310345	0.263157894737	0.252631578947	0.821428571429	0.988888888889	0.989247311828	1.0	0.978947368421	0.989473684211	0.988235294118	0.242105263158	0.170731707317	0.231578947368	0.221052631579	0.242105263158	0.263157894737	
0.210526315789	0.189473684211	0.242105263158	0.221052631579	0.221052631579	0.221052631579	0.221052631579	0.221052631579	0.231578947368	0.231578947368	0.221052631579	0.242105263158	0.2	0.231578947368	0.242105263158	0.242105263158	0.989473684211	0.988372093023	0.988095238095	0.987951807229	0.988505747126	0.139534883721	0.141176470588	0.229885057471	0.273684210526	0.252631578947	0.809523809524	0.988888888889	0.989247311828	0.978947368421	1.0	0.989473684211	0.988235294118	0.242105263158	0.170731707317	0.210526315789	0.231578947368	0.242105263158	0.263157894737	
0.178947368421	0.157894736842	0.189473684211	0.221052631579	0.221052631579	0.221052631579	0.221052631579	0.221052631579	0.231578947368	0.231578947368	0.221052631579	0.231578947368	0.231578947368	0.242105263158	0.242105263158	0.231578947368	1.0	1.0	1.0	1.0	1.0	0.139534883721	0.141176470588	0.241379310345	0.263157894737	0.252631578947	0.821428571429	1.0	1.0	0.989473684211	0.989473684211	1.0	1.0	0.231578947368	0.170731707317	0.231578947368	0.221052631579	0.231578947368	0.263157894737	
0.2	0.152941176471	0.188235294118	0.223529411765	0.223529411765	0.223529411765	0.223529411765	0.223529411765	0.235294117647	0.235294117647	0.223529411765	0.235294117647	0.235294117647	0.258823529412	0.258823529412	0.258823529412	1.0	1.0	1.0	1.0	1.0	0.141176470588	0.141176470588	0.235294117647	0.282352941176	0.247058823529	0.821428571429	1.0	1.0	0.988235294118	0.988235294118	1.0	1.0	0.235294117647	0.158536585366	0.247058823529	0.223529411765	0.235294117647	0.247058823529	
0.216	0.16393442623	0.206349206349	0.991525423729	0.991379310345	0.991304347826	0.98275862069	1.0	0.98275862069	0.991379310345	0.982905982906	0.984126984127	0.222222222222	0.230158730159	0.222222222222	0.191666666667	0.226804123711	0.232558139535	0.238095238095	0.240963855422	0.241379310345	0.232558139535	0.235294117647	0.229885057471	0.186991869919	0.351851851852	0.238095238095	0.222222222222	0.215053763441	0.242105263158	0.242105263158	0.231578947368	0.235294117647	1.0	0.231707317073	0.148760330579	0.206349206349	0.983739837398	0.238095238095	
0.243902439024	0.231707317073	0.317073170732	0.219512195122	0.219512195122	0.219512195122	0.207317073171	0.231707317073	0.231707317073	0.219512195122	0.219512195122	0.268292682927	0.19512195122	0.317073170732	0.219512195122	0.292682926829	0.170731707317	0.158536585366	0.146341463415	0.146341463415	0.170731707317	0.182926829268	0.182926829268	0.170731707317	0.353658536585	0.219512195122	0.182926829268	0.170731707317	0.170731707317	0.170731707317	0.170731707317	0.170731707317	0.158536585366	0.231707317073	1.0	0.280487804878	0.243902439024	0.231707317073	0.219512195122	
0.165289256198	0.190082644628	0.239669421488	0.161016949153	0.155172413793	0.147826086957	0.146551724138	0.145299145299	0.146551724138	0.146551724138	0.145299145299	0.140495867769	0.272727272727	0.272727272727	0.247933884298	0.75	0.237113402062	0.244186046512	0.25	0.240963855422	0.252873563218	0.209302325581	0.211764705882	0.252873563218	0.421487603306	0.212962962963	0.285714285714	0.244444444444	0.236559139785	0.231578947368	0.210526315789	0.231578947368	0.247058823529	0.148760330579	0.280487804878	1.0	0.206611570248	0.165289256198	0.214876033058	
0.24	0.319672131148	0.647887323944	0.21186440678	0.23275862069	0.226086956522	0.215517241379	0.230769230769	0.23275862069	0.224137931034	0.205128205128	0.206349206349	0.237762237762	0.230769230769	0.202797202797	0.216666666667	0.216494845361	0.220930232558	0.22619047619	0.204819277108	0.206896551724	0.220930232558	0.211764705882	0.241379310345	0.20325203252	0.240740740741	0.202380952381	0.222222222222	0.225806451613	0.221052631579	0.231578947368	0.221052631579	0.223529411765	0.206349206349	0.243902439024	0.206611570248	1.0	0.20325203252	0.223776223776	
0.20325203252	0.213114754098	0.19512195122	0.991525423729	0.98275862069	0.982608695652	0.98275862069	0.982905982906	1.0	0.98275862069	0.982905982906	0.983739837398	0.235772357724	0.227642276423	0.20325203252	0.2	0.226804123711	0.232558139535	0.238095238095	0.240963855422	0.241379310345	0.197674418605	0.2	0.229885057471	0.178861788618	0.351851851852	0.238095238095	0.222222222222	0.215053763441	0.242105263158	0.242105263158	0.231578947368	0.235294117647	0.983739837398	0.231707317073	0.165289256198	0.20325203252	1.0	0.252032520325	
0.224	0.213114754098	0.267605633803	0.262711864407	0.258620689655	0.269565217391	0.258620689655	0.25641025641	0.258620689655	0.258620689655	0.25641025641	0.238095238095	0.223776223776	0.333333333333	0.340136054422	0.216666666667	0.247422680412	0.255813953488	0.25	0.253012048193	0.252873563218	0.232558139535	0.211764705882	0.183908045977	0.243902439024	0.231481481481	0.214285714286	0.255555555556	0.258064516129	0.263157894737	0.263157894737	0.263157894737	0.247058823529	0.238095238095	0.219512195122	0.214876033058	0.223776223776	0.252032520325	1.0	
Fold b.52 solved.

d.277	1
1.0	
Fold d.277 solved.

b.56	2
1.0	1.0	
1.0	1.0	
Fold b.56 solved.

d.272	2
1.0	0.967741935484	
0.967741935484	1.0	
Fold d.272 solved.

d.273	8
1.0	0.511627906977	0.341085271318	0.37984496124	0.410852713178	0.420634920635	0.372093023256	0.410852713178	
0.511627906977	1.0	0.330827067669	0.330827067669	0.368421052632	0.436507936508	0.360902255639	0.330827067669	
0.341085271318	0.330827067669	1.0	0.372262773723	0.455223880597	0.325396825397	0.485074626866	0.36496350365	
0.37984496124	0.330827067669	0.372262773723	1.0	0.388059701493	0.31746031746	0.34328358209	0.598540145985	
0.410852713178	0.368421052632	0.455223880597	0.388059701493	1.0	0.31746031746	0.470149253731	0.380597014925	
0.420634920635	0.436507936508	0.325396825397	0.31746031746	0.31746031746	1.0	0.373015873016	0.34126984127	
0.372093023256	0.360902255639	0.485074626866	0.34328358209	0.470149253731	0.373015873016	1.0	0.320895522388	
0.410852713178	0.330827067669	0.36496350365	0.598540145985	0.380597014925	0.34126984127	0.320895522388	1.0	
Fold d.273 solved.

b.59	2
1.0	0.982905982906	
0.982905982906	1.0	
Fold b.59 solved.

b.58	5
1.0	0.435643564356	0.336734693878	0.445544554455	0.434343434343	
0.435643564356	1.0	0.387755102041	0.941176470588	0.414141414141	
0.336734693878	0.387755102041	1.0	0.387755102041	0.316326530612	
0.445544554455	0.941176470588	0.387755102041	1.0	0.424242424242	
0.434343434343	0.414141414141	0.316326530612	0.424242424242	1.0	
Fold b.58 solved.

d.278	3
1.0	0.203947368421	0.196202531646	
0.203947368421	1.0	1.0	
0.196202531646	1.0	1.0	
Fold d.278 solved.

d.279	3
1.0	0.455696202532	0.544303797468	
0.455696202532	1.0	0.461538461538	
0.544303797468	0.461538461538	1.0	
Fold d.279 solved.

c.21	6
1.0	0.553956834532	0.554744525547	0.550724637681	0.253623188406	0.542857142857	
0.553956834532	1.0	1.0	1.0	0.239130434783	0.611510791367	
0.554744525547	1.0	1.0	1.0	0.255474452555	0.620437956204	
0.550724637681	1.0	1.0	1.0	0.239130434783	0.615942028986	
0.253623188406	0.239130434783	0.255474452555	0.239130434783	1.0	0.231884057971	
0.542857142857	0.611510791367	0.620437956204	0.615942028986	0.231884057971	1.0	
Fold c.21 solved.

c.23	353
1.0	0.96875	0.9765625	0.96875	0.9765625	0.984375	0.976377952756	0.96875	0.984126984127	0.984126984127	0.968	0.913385826772	0.96875	0.9765625	0.9765625	0.976377952756	0.9765625	0.9765625	0.9765625	0.50406504065	0.9765625	0.96875	0.313559322034	0.34188034188	0.338983050847	0.161016949153	0.2890625	0.33064516129	0.303278688525	0.297520661157	0.272727272727	0.27731092437	0.275	0.296610169492	0.265625	0.2890625	0.234375	0.25	0.2421875	0.2890625	0.290322580645	0.296875	0.359375	0.292682926829	0.283464566929	0.268907563025	0.258333333333	0.260504201681	0.241935483871	0.241935483871	0.25	0.256198347107	0.265625	0.272	0.34375	0.328125	0.3359375	0.260162601626	0.262295081967	0.333333333333	0.325	0.28125	0.96875	0.96875	0.96875	0.968503937008	0.9609375	0.96875	0.96875	0.296	0.3	0.9609375	0.302521008403	0.290322580645	0.9609375	0.658536585366	0.658536585366	0.2421875	0.252336448598	0.171875	0.171875	0.1953125	0.1875	0.1875	0.264462809917	0.285714285714	0.2890625	0.2734375	0.2734375	0.28125	0.2265625	0.2265625	0.234375	0.21875	0.282258064516	0.28813559322	0.291666666667	0.27868852459	0.290598290598	0.3	0.288	0.319672131148	0.223140495868	0.283464566929	0.258333333333	0.264	0.265625	0.184	0.307692307692	0.308333333333	0.247933884298	0.245901639344	0.310344827586	0.305785123967	0.303278688525	0.25	0.271929824561	0.49593495935	0.487804878049	0.264957264957	0.268907563025	0.310344827586	0.316239316239	0.264957264957	0.270491803279	0.266666666667	0.2578125	0.280991735537	0.261904761905	0.310344827586	0.30081300813	0.306451612903	0.3	0.318584070796	0.264957264957	0.271186440678	0.283464566929	0.308333333333	0.262295081967	0.254098360656	0.266129032258	0.262711864407	0.260162601626	0.264	0.258064516129	0.213114754098	0.216666666667	0.272	0.306451612903	0.305785123967	0.316239316239	0.2421875	0.28125	0.3125	0.2265625	0.2265625	0.2890625	0.328125	0.296875	0.3046875	0.20325203252	0.25	0.2734375	0.339130434783	0.336206896552	0.338842975207	0.299145299145	0.328125	0.319327731092	0.344262295082	0.330578512397	0.296610169492	0.386554621849	0.236220472441	0.284552845528	0.1796875	0.1875	0.203125	0.15625	0.21875	0.24	0.225225225225	0.265625	0.25	0.2109375	0.2109375	0.2109375	0.2109375	0.265625	0.25	0.265625	0.2578125	0.2578125	0.2578125	0.265625	0.265625	0.2578125	0.2578125	0.265625	0.21875	0.234375	0.2578125	0.25	0.203125	0.203125	0.2734375	0.296875	0.2265625	0.2265625	0.1953125	0.234375	0.2734375	0.2109375	0.2109375	0.2734375	0.2421875	0.25	0.2421875	0.234375	0.234375	0.2890625	0.296875	0.3125	0.3046875	0.2890625	0.28125	0.2890625	0.328125	0.28125	0.28125	0.3125	0.28125	0.28125	0.328125	0.3046875	0.2734375	0.2578125	0.2578125	0.25	0.25	0.2578125	0.2421875	0.28125	0.2421875	0.2421875	0.2421875	0.2578125	0.2578125	0.2578125	0.2421875	0.2109375	0.21875	0.2421875	0.2109375	0.21875	0.234375	0.21875	0.2265625	0.1953125	0.234375	0.234375	0.1796875	0.21875	0.21875	0.2265625	0.2265625	0.2578125	0.2109375	0.2421875	0.25	0.2421875	0.25	0.1796875	0.1953125	0.1953125	0.21875	0.2265625	0.1796875	0.1875	0.2421875	0.2265625	0.3359375	0.1796875	0.2734375	0.308333333333	0.976	0.1875	0.1796875	0.262295081967	0.1875	0.25	0.9765625	0.297520661157	0.258620689655	0.28125	0.261904761905	0.2109375	0.260162601626	0.96875	0.224	0.2578125	0.265625	0.3125	0.310924369748	0.231404958678	0.2265625	0.234375	0.234375	0.25	0.296610169492	0.9609375	0.213675213675	0.237704918033	0.198412698413	0.2421875	0.28813559322	0.2421875	0.243902439024	0.21186440678	0.1875	0.25	0.266666666667	0.274193548387	0.2109375	0.238095238095	0.2578125	0.9765625	0.333333333333	0.653225806452	0.9765625	0.984375	0.2578125	0.265625	0.310924369748	0.303278688525	0.1796875	0.2109375	0.25	0.233870967742	0.289256198347	0.203125	0.264462809917	0.258333333333	0.275	0.256	0.28125	0.2265625	0.959677419355	0.3046875	0.2265625	0.21875	0.32	0.2890625	
0.96875	1.0	0.9765625	0.96875	0.9921875	0.984375	0.976377952756	0.96875	0.984126984127	0.984126984127	0.968	0.92125984252	0.984375	0.9765625	0.9765625	0.976377952756	0.9765625	0.9765625	0.9765625	0.487804878049	0.9609375	0.953125	0.296610169492	0.324786324786	0.322033898305	0.14406779661	0.2734375	0.314516129032	0.27868852459	0.280991735537	0.256198347107	0.260504201681	0.258333333333	0.279661016949	0.265625	0.28125	0.2265625	0.234375	0.234375	0.2890625	0.290322580645	0.296875	0.359375	0.284552845528	0.275590551181	0.260504201681	0.25	0.252100840336	0.233870967742	0.233870967742	0.241935483871	0.247933884298	0.25	0.256	0.34375	0.328125	0.3359375	0.260162601626	0.262295081967	0.316666666667	0.308333333333	0.28125	0.96875	0.96875	0.96875	0.968503937008	0.9609375	0.96875	0.96875	0.28	0.275	0.9609375	0.27731092437	0.266129032258	0.9609375	0.650406504065	0.650406504065	0.2421875	0.261682242991	0.171875	0.171875	0.1875	0.1796875	0.1796875	0.256198347107	0.268907563025	0.2890625	0.2734375	0.2734375	0.28125	0.2421875	0.2421875	0.25	0.234375	0.274193548387	0.271186440678	0.275	0.262295081967	0.273504273504	0.291666666667	0.272	0.303278688525	0.214876033058	0.251968503937	0.241666666667	0.24	0.2578125	0.176	0.290598290598	0.291666666667	0.231404958678	0.262295081967	0.293103448276	0.289256198347	0.286885245902	0.2265625	0.271929824561	0.479674796748	0.471544715447	0.264957264957	0.268907563025	0.293103448276	0.299145299145	0.25641025641	0.254098360656	0.25	0.25	0.264462809917	0.238095238095	0.310344827586	0.292682926829	0.298387096774	0.291666666667	0.309734513274	0.25641025641	0.262711864407	0.267716535433	0.3	0.237704918033	0.237704918033	0.241935483871	0.237288135593	0.252032520325	0.256	0.25	0.22131147541	0.225	0.264	0.290322580645	0.289256198347	0.299145299145	0.2265625	0.2734375	0.296875	0.2421875	0.2421875	0.2734375	0.3203125	0.2734375	0.28125	0.19512195122	0.2421875	0.2578125	0.321739130435	0.318965517241	0.330578512397	0.282051282051	0.3203125	0.310924369748	0.33606557377	0.322314049587	0.28813559322	0.378151260504	0.220472440945	0.284552845528	0.234375	0.1953125	0.1640625	0.15625	0.25	0.184	0.216216216216	0.296875	0.21875	0.203125	0.203125	0.203125	0.203125	0.234375	0.2578125	0.25	0.2265625	0.2265625	0.2265625	0.234375	0.2578125	0.234375	0.234375	0.2265625	0.2109375	0.2421875	0.2421875	0.25	0.2109375	0.1953125	0.265625	0.28125	0.21875	0.234375	0.203125	0.234375	0.2578125	0.2265625	0.2265625	0.2578125	0.21875	0.2265625	0.2265625	0.234375	0.234375	0.2734375	0.28125	0.28125	0.2890625	0.2734375	0.265625	0.2734375	0.3125	0.265625	0.265625	0.296875	0.265625	0.265625	0.3125	0.2890625	0.2578125	0.25	0.25	0.2421875	0.25	0.25	0.25	0.2890625	0.25	0.25	0.234375	0.25	0.25	0.25	0.234375	0.203125	0.2109375	0.234375	0.2109375	0.234375	0.2109375	0.203125	0.2265625	0.1953125	0.234375	0.234375	0.1796875	0.234375	0.2421875	0.2421875	0.1875	0.203125	0.1796875	0.203125	0.203125	0.2109375	0.2109375	0.1796875	0.1953125	0.1953125	0.1953125	0.234375	0.1875	0.1875	0.2421875	0.203125	0.3359375	0.171875	0.2578125	0.291666666667	0.976	0.234375	0.1796875	0.245901639344	0.1953125	0.21875	0.9921875	0.289256198347	0.25	0.25	0.253968253968	0.203125	0.252032520325	0.96875	0.224	0.25	0.2265625	0.296875	0.294117647059	0.256198347107	0.1875	0.234375	0.2265625	0.241935483871	0.296610169492	0.9609375	0.205128205128	0.22131147541	0.214285714286	0.2265625	0.271186440678	0.2421875	0.235772357724	0.194915254237	0.234375	0.2578125	0.258333333333	0.274193548387	0.203125	0.261904761905	0.25	0.9765625	0.325	0.645161290323	0.9765625	0.984375	0.25	0.234375	0.302521008403	0.295081967213	0.1796875	0.203125	0.25	0.233870967742	0.272727272727	0.2734375	0.239669421488	0.241666666667	0.258333333333	0.256	0.265625	0.2421875	0.959677419355	0.2890625	0.2265625	0.203125	0.312	0.2734375	
0.9765625	0.9765625	1.0	0.9765625	0.984375	0.9921875	0.984251968504	0.9765625	0.992063492063	0.992063492063	0.976	0.92125984252	0.9765625	0.984375	0.984375	0.984251968504	0.984375	0.984375	0.984375	0.512195121951	0.96875	0.9609375	0.313559322034	0.34188034188	0.338983050847	0.161016949153	0.28125	0.33064516129	0.295081967213	0.297520661157	0.272727272727	0.27731092437	0.275	0.305084745763	0.265625	0.2890625	0.2421875	0.2578125	0.25	0.2890625	0.290322580645	0.3046875	0.3671875	0.292682926829	0.283464566929	0.260504201681	0.25	0.252100840336	0.241935483871	0.233870967742	0.241935483871	0.247933884298	0.2578125	0.264	0.3515625	0.3359375	0.34375	0.268292682927	0.270491803279	0.333333333333	0.325	0.28125	0.9765625	0.9765625	0.9765625	0.976377952756	0.96875	0.9765625	0.9765625	0.288	0.291666666667	0.96875	0.294117647059	0.282258064516	0.96875	0.658536585366	0.658536585366	0.2421875	0.261682242991	0.171875	0.171875	0.1953125	0.1875	0.1875	0.264462809917	0.285714285714	0.2890625	0.2890625	0.2890625	0.296875	0.2265625	0.2265625	0.234375	0.21875	0.282258064516	0.28813559322	0.291666666667	0.27868852459	0.290598290598	0.3	0.296	0.319672131148	0.214876033058	0.267716535433	0.258333333333	0.256	0.2578125	0.184	0.307692307692	0.308333333333	0.247933884298	0.245901639344	0.310344827586	0.305785123967	0.303278688525	0.2578125	0.271929824561	0.50406504065	0.49593495935	0.264957264957	0.268907563025	0.310344827586	0.316239316239	0.273504273504	0.262295081967	0.258333333333	0.2578125	0.280991735537	0.253968253968	0.327586206897	0.308943089431	0.314516129032	0.308333333333	0.327433628319	0.282051282051	0.28813559322	0.283464566929	0.308333333333	0.245901639344	0.237704918033	0.25	0.245762711864	0.260162601626	0.264	0.258064516129	0.22131147541	0.225	0.272	0.298387096774	0.297520661157	0.307692307692	0.234375	0.28125	0.296875	0.2265625	0.2265625	0.28125	0.3203125	0.2890625	0.296875	0.20325203252	0.2578125	0.2734375	0.339130434783	0.336206896552	0.338842975207	0.307692307692	0.328125	0.327731092437	0.344262295082	0.330578512397	0.305084745763	0.378151260504	0.228346456693	0.292682926829	0.1875	0.1875	0.203125	0.15625	0.2421875	0.192	0.225225225225	0.2890625	0.2109375	0.1953125	0.1953125	0.1953125	0.1953125	0.2578125	0.21875	0.265625	0.25	0.25	0.25	0.2578125	0.2578125	0.25	0.2265625	0.2578125	0.2109375	0.2265625	0.25	0.25	0.1875	0.1875	0.2578125	0.28125	0.1796875	0.234375	0.1953125	0.234375	0.265625	0.2265625	0.2265625	0.265625	0.2265625	0.234375	0.234375	0.2421875	0.2421875	0.28125	0.2890625	0.3046875	0.296875	0.28125	0.2734375	0.28125	0.3203125	0.2734375	0.2734375	0.3046875	0.2734375	0.2734375	0.3203125	0.296875	0.265625	0.2578125	0.2578125	0.25	0.25	0.2734375	0.2578125	0.28125	0.2421875	0.2421875	0.234375	0.25	0.25	0.25	0.234375	0.21875	0.2265625	0.25	0.21875	0.234375	0.203125	0.203125	0.2421875	0.2109375	0.25	0.25	0.1875	0.234375	0.2578125	0.2421875	0.1875	0.21875	0.203125	0.2109375	0.2109375	0.2109375	0.2109375	0.1875	0.203125	0.203125	0.2109375	0.234375	0.1796875	0.1875	0.2421875	0.2109375	0.34375	0.1796875	0.265625	0.3	0.984	0.1953125	0.1796875	0.254098360656	0.1875	0.2109375	0.984375	0.297520661157	0.25	0.265625	0.261904761905	0.2109375	0.260162601626	0.9765625	0.224	0.25	0.2265625	0.3046875	0.310924369748	0.272727272727	0.1875	0.25	0.25	0.241935483871	0.296610169492	0.96875	0.213675213675	0.237704918033	0.190476190476	0.25	0.28813559322	0.2265625	0.252032520325	0.194915254237	0.1953125	0.25	0.258333333333	0.282258064516	0.1953125	0.277777777778	0.25	0.984375	0.333333333333	0.653225806452	0.984375	0.9921875	0.2578125	0.2578125	0.310924369748	0.311475409836	0.1875	0.1796875	0.25	0.241935483871	0.280991735537	0.25	0.247933884298	0.258333333333	0.266666666667	0.264	0.2734375	0.2421875	0.967741935484	0.2890625	0.234375	0.203125	0.312	0.28125	
