c.103	3
1.0	0.214876033058	0.21186440678	
0.214876033058	1.0	0.254237288136	
0.21186440678	0.254237288136	1.0	
Fold c.103 solved.

d.275	3
1.0	1.0	0.58904109589	
1.0	1.0	0.597222222222	
0.58904109589	0.597222222222	1.0	
Fold d.275 solved.

c.108	7
1.0	0.245901639344	0.275167785235	0.275167785235	0.275167785235	0.194630872483	0.187919463087	
0.245901639344	1.0	0.286885245902	0.270491803279	0.286885245902	0.245901639344	0.237704918033	
0.275167785235	0.286885245902	1.0	0.99375	1.0	0.350318471338	0.341772151899	
0.275167785235	0.270491803279	0.99375	1.0	0.993710691824	0.356687898089	0.341772151899	
0.275167785235	0.286885245902	1.0	0.993710691824	1.0	0.350318471338	0.341772151899	
0.194630872483	0.245901639344	0.350318471338	0.356687898089	0.350318471338	1.0	0.993630573248	
0.187919463087	0.237704918033	0.341772151899	0.341772151899	0.341772151899	0.993630573248	1.0	
Fold c.108 solved.

b.50	158
1.0	0.991071428571	0.991071428571	0.990990990991	0.991150442478	0.343434343434	0.343434343434	0.323232323232	0.343434343434	0.333333333333	0.333333333333	0.30303030303	0.343434343434	0.343434343434	0.343434343434	0.323232323232	0.30303030303	0.323232323232	0.323232323232	0.333333333333	0.313131313131	0.323232323232	0.333333333333	0.313131313131	0.333333333333	0.313131313131	0.323232323232	0.30303030303	0.313131313131	0.323232323232	0.32	0.323232323232	0.323232323232	0.353535353535	0.343434343434	0.343434343434	0.30303030303	0.313131313131	0.32	0.333333333333	0.343434343434	0.323232323232	0.333333333333	0.343434343434	0.313131313131	0.32	0.32	0.353535353535	0.323232323232	0.30303030303	0.333333333333	0.333333333333	0.313131313131	0.313131313131	0.313131313131	0.323232323232	0.30303030303	0.343434343434	0.323232323232	0.343434343434	0.333333333333	0.333333333333	0.30303030303	0.333333333333	0.323232323232	0.333333333333	0.313131313131	0.313131313131	0.313131313131	0.30303030303	0.323232323232	0.333333333333	0.323232323232	0.333333333333	0.323232323232	0.323232323232	0.343434343434	0.343434343434	0.323232323232	0.30303030303	0.323232323232	0.333333333333	0.323232323232	0.333333333333	0.333333333333	0.313131313131	0.333333333333	0.343434343434	0.333333333333	0.313131313131	0.323232323232	0.333333333333	0.313131313131	0.323232323232	0.323232323232	0.313131313131	0.373737373737	0.343434343434	0.313131313131	0.333333333333	0.323232323232	0.313131313131	0.313131313131	0.333333333333	0.329787234043	0.326315789474	0.288659793814	0.300884955752	0.29203539823	0.309734513274	0.282828282828	0.292929292929	0.892857142857	0.946428571429	0.333333333333	0.333333333333	0.353535353535	0.343434343434	0.323232323232	0.323232323232	0.343434343434	0.333333333333	0.323232323232	0.333333333333	0.30303030303	0.305263157895	0.333333333333	0.30303030303	0.30303030303	0.313131313131	0.323232323232	0.313131313131	0.333333333333	0.323232323232	0.353535353535	0.333333333333	0.31067961165	0.272727272727	0.333333333333	0.333333333333	0.333333333333	0.333333333333	0.333333333333	0.343434343434	0.346153846154	0.333333333333	0.333333333333	0.313131313131	0.297872340426	0.343434343434	0.333333333333	0.323232323232	0.247787610619	0.333333333333	0.313131313131	0.363636363636	0.323232323232	0.333333333333	
0.991071428571	1.0	0.982142857143	0.981981981982	0.982142857143	0.343434343434	0.343434343434	0.323232323232	0.343434343434	0.333333333333	0.333333333333	0.30303030303	0.343434343434	0.343434343434	0.343434343434	0.323232323232	0.30303030303	0.323232323232	0.323232323232	0.333333333333	0.313131313131	0.323232323232	0.333333333333	0.313131313131	0.333333333333	0.313131313131	0.323232323232	0.30303030303	0.313131313131	0.323232323232	0.32	0.313131313131	0.313131313131	0.353535353535	0.343434343434	0.343434343434	0.323232323232	0.313131313131	0.32	0.333333333333	0.343434343434	0.323232323232	0.333333333333	0.343434343434	0.313131313131	0.32	0.32	0.353535353535	0.323232323232	0.30303030303	0.333333333333	0.333333333333	0.313131313131	0.313131313131	0.313131313131	0.323232323232	0.30303030303	0.343434343434	0.323232323232	0.343434343434	0.333333333333	0.333333333333	0.292929292929	0.333333333333	0.323232323232	0.333333333333	0.313131313131	0.313131313131	0.313131313131	0.30303030303	0.323232323232	0.333333333333	0.323232323232	0.333333333333	0.323232323232	0.323232323232	0.343434343434	0.343434343434	0.333333333333	0.30303030303	0.323232323232	0.333333333333	0.323232323232	0.333333333333	0.333333333333	0.313131313131	0.333333333333	0.343434343434	0.333333333333	0.313131313131	0.323232323232	0.333333333333	0.30303030303	0.323232323232	0.323232323232	0.313131313131	0.373737373737	0.343434343434	0.313131313131	0.333333333333	0.323232323232	0.313131313131	0.313131313131	0.333333333333	0.329787234043	0.326315789474	0.288659793814	0.330357142857	0.321428571429	0.321428571429	0.282828282828	0.292929292929	0.901785714286	0.955357142857	0.333333333333	0.333333333333	0.353535353535	0.343434343434	0.323232323232	0.323232323232	0.343434343434	0.333333333333	0.323232323232	0.333333333333	0.30303030303	0.305263157895	0.333333333333	0.30303030303	0.30303030303	0.313131313131	0.323232323232	0.313131313131	0.333333333333	0.323232323232	0.353535353535	0.333333333333	0.31067961165	0.272727272727	0.333333333333	0.333333333333	0.333333333333	0.333333333333	0.333333333333	0.343434343434	0.336538461538	0.333333333333	0.333333333333	0.313131313131	0.297872340426	0.343434343434	0.333333333333	0.323232323232	0.258928571429	0.333333333333	0.323232323232	0.363636363636	0.323232323232	0.333333333333	
0.991071428571	0.982142857143	1.0	0.981981981982	0.982142857143	0.333333333333	0.333333333333	0.333333333333	0.353535353535	0.343434343434	0.343434343434	0.313131313131	0.353535353535	0.353535353535	0.353535353535	0.333333333333	0.313131313131	0.333333333333	0.333333333333	0.343434343434	0.323232323232	0.333333333333	0.343434343434	0.323232323232	0.323232323232	0.323232323232	0.333333333333	0.313131313131	0.323232323232	0.333333333333	0.33	0.333333333333	0.333333333333	0.363636363636	0.353535353535	0.353535353535	0.313131313131	0.323232323232	0.33	0.343434343434	0.353535353535	0.333333333333	0.343434343434	0.333333333333	0.323232323232	0.33	0.33	0.343434343434	0.333333333333	0.313131313131	0.343434343434	0.343434343434	0.323232323232	0.323232323232	0.323232323232	0.333333333333	0.313131313131	0.353535353535	0.333333333333	0.353535353535	0.343434343434	0.343434343434	0.313131313131	0.343434343434	0.333333333333	0.343434343434	0.323232323232	0.323232323232	0.323232323232	0.313131313131	0.333333333333	0.343434343434	0.333333333333	0.343434343434	0.333333333333	0.333333333333	0.353535353535	0.353535353535	0.333333333333	0.313131313131	0.333333333333	0.343434343434	0.333333333333	0.343434343434	0.343434343434	0.323232323232	0.343434343434	0.353535353535	0.343434343434	0.323232323232	0.333333333333	0.343434343434	0.323232323232	0.333333333333	0.333333333333	0.323232323232	0.383838383838	0.353535353535	0.323232323232	0.343434343434	0.333333333333	0.323232323232	0.323232323232	0.343434343434	0.340425531915	0.336842105263	0.298969072165	0.321428571429	0.3125	0.330357142857	0.292929292929	0.30303030303	0.901785714286	0.955357142857	0.343434343434	0.343434343434	0.343434343434	0.353535353535	0.313131313131	0.333333333333	0.353535353535	0.343434343434	0.333333333333	0.343434343434	0.313131313131	0.315789473684	0.343434343434	0.313131313131	0.313131313131	0.323232323232	0.333333333333	0.323232323232	0.343434343434	0.333333333333	0.363636363636	0.343434343434	0.320388349515	0.282828282828	0.343434343434	0.343434343434	0.343434343434	0.343434343434	0.343434343434	0.353535353535	0.346153846154	0.343434343434	0.343434343434	0.323232323232	0.308510638298	0.353535353535	0.343434343434	0.333333333333	0.258928571429	0.343434343434	0.323232323232	0.373737373737	0.333333333333	0.333333333333	
0.990990990991	0.981981981982	0.981981981982	1.0	1.0	0.333333333333	0.333333333333	0.333333333333	0.333333333333	0.323232323232	0.323232323232	0.292929292929	0.333333333333	0.333333333333	0.333333333333	0.333333333333	0.313131313131	0.313131313131	0.313131313131	0.323232323232	0.30303030303	0.313131313131	0.323232323232	0.30303030303	0.323232323232	0.323232323232	0.313131313131	0.292929292929	0.30303030303	0.313131313131	0.31	0.313131313131	0.313131313131	0.343434343434	0.333333333333	0.333333333333	0.292929292929	0.30303030303	0.31	0.323232323232	0.333333333333	0.333333333333	0.343434343434	0.333333333333	0.30303030303	0.31	0.31	0.343434343434	0.333333333333	0.292929292929	0.323232323232	0.323232323232	0.30303030303	0.30303030303	0.30303030303	0.333333333333	0.292929292929	0.353535353535	0.333333333333	0.333333333333	0.323232323232	0.343434343434	0.313131313131	0.323232323232	0.333333333333	0.323232323232	0.323232323232	0.30303030303	0.323232323232	0.313131313131	0.313131313131	0.323232323232	0.333333333333	0.323232323232	0.313131313131	0.313131313131	0.333333333333	0.333333333333	0.313131313131	0.292929292929	0.313131313131	0.323232323232	0.333333333333	0.323232323232	0.323232323232	0.30303030303	0.323232323232	0.333333333333	0.323232323232	0.30303030303	0.313131313131	0.323232323232	0.30303030303	0.313131313131	0.313131313131	0.30303030303	0.363636363636	0.333333333333	0.30303030303	0.323232323232	0.313131313131	0.323232323232	0.30303030303	0.323232323232	0.31914893617	0.315789473684	0.278350515464	0.288288288288	0.279279279279	0.297297297297	0.272727272727	0.282828282828	0.882882882883	0.936936936937	0.323232323232	0.323232323232	0.343434343434	0.333333333333	0.333333333333	0.313131313131	0.333333333333	0.323232323232	0.313131313131	0.323232323232	0.292929292929	0.315789473684	0.323232323232	0.292929292929	0.292929292929	0.30303030303	0.313131313131	0.30303030303	0.323232323232	0.313131313131	0.343434343434	0.323232323232	0.300970873786	0.262626262626	0.323232323232	0.323232323232	0.343434343434	0.323232323232	0.323232323232	0.333333333333	0.326923076923	0.323232323232	0.323232323232	0.30303030303	0.308510638298	0.333333333333	0.323232323232	0.313131313131	0.27027027027	0.323232323232	0.30303030303	0.353535353535	0.313131313131	0.323232323232	
0.991150442478	0.982142857143	0.982142857143	1.0	1.0	0.333333333333	0.333333333333	0.333333333333	0.333333333333	0.323232323232	0.323232323232	0.292929292929	0.333333333333	0.333333333333	0.333333333333	0.333333333333	0.313131313131	0.313131313131	0.313131313131	0.323232323232	0.30303030303	0.313131313131	0.323232323232	0.30303030303	0.323232323232	0.323232323232	0.313131313131	0.292929292929	0.30303030303	0.313131313131	0.31	0.313131313131	0.313131313131	0.343434343434	0.333333333333	0.333333333333	0.292929292929	0.30303030303	0.31	0.323232323232	0.333333333333	0.333333333333	0.343434343434	0.333333333333	0.30303030303	0.31	0.31	0.343434343434	0.333333333333	0.292929292929	0.323232323232	0.323232323232	0.30303030303	0.30303030303	0.30303030303	0.333333333333	0.292929292929	0.353535353535	0.333333333333	0.333333333333	0.323232323232	0.343434343434	0.313131313131	0.323232323232	0.333333333333	0.323232323232	0.323232323232	0.30303030303	0.323232323232	0.313131313131	0.313131313131	0.323232323232	0.333333333333	0.323232323232	0.313131313131	0.313131313131	0.333333333333	0.333333333333	0.313131313131	0.292929292929	0.313131313131	0.323232323232	0.333333333333	0.323232323232	0.323232323232	0.30303030303	0.323232323232	0.333333333333	0.323232323232	0.30303030303	0.313131313131	0.323232323232	0.30303030303	0.313131313131	0.313131313131	0.30303030303	0.363636363636	0.333333333333	0.30303030303	0.323232323232	0.313131313131	0.323232323232	0.30303030303	0.323232323232	0.31914893617	0.315789473684	0.278350515464	0.29203539823	0.283185840708	0.300884955752	0.272727272727	0.282828282828	0.883928571429	0.9375	0.323232323232	0.323232323232	0.343434343434	0.333333333333	0.333333333333	0.313131313131	0.333333333333	0.323232323232	0.313131313131	0.323232323232	0.292929292929	0.315789473684	0.323232323232	0.292929292929	0.292929292929	0.30303030303	0.313131313131	0.30303030303	0.323232323232	0.313131313131	0.343434343434	0.323232323232	0.300970873786	0.262626262626	0.323232323232	0.323232323232	0.343434343434	0.323232323232	0.323232323232	0.333333333333	0.336538461538	0.323232323232	0.323232323232	0.30303030303	0.308510638298	0.333333333333	0.323232323232	0.313131313131	0.238938053097	0.323232323232	0.30303030303	0.353535353535	0.313131313131	0.323232323232	
0.343434343434	0.343434343434	0.333333333333	0.333333333333	0.333333333333	1.0	0.989898989899	0.959595959596	0.959595959596	0.848484848485	0.969696969697	0.868686868687	0.959595959596	0.929292929293	0.959595959596	0.909090909091	0.868686868687	0.888888888889	0.767676767677	0.767676767677	0.89898989899	0.89898989899	0.919191919192	0.888888888889	0.909090909091	0.888888888889	0.888888888889	0.747474747475	0.888888888889	0.888888888889	0.89898989899	0.858585858586	0.868686868687	0.777777777778	0.939393939394	0.939393939394	0.888888888889	0.888888888889	0.89898989899	0.909090909091	0.888888888889	0.858585858586	0.848484848485	0.929292929293	0.888888888889	0.89898989899	0.89898989899	0.939393939394	0.858585858586	0.858585858586	0.89898989899	0.89898989899	0.949494949495	0.838383838384	0.949494949495	0.959595959596	0.89898989899	0.767676767677	0.848484848485	0.929292929293	0.969696969697	0.858585858586	0.787878787879	0.888888888889	0.969696969697	0.89898989899	0.878787878788	0.747474747475	0.89898989899	0.878787878788	0.969696969697	0.909090909091	0.858585858586	0.909090909091	0.949494949495	0.888888888889	0.888888888889	0.919191919192	0.878787878788	0.909090909091	0.888888888889	0.888888888889	0.858585858586	0.888888888889	0.858585858586	0.909090909091	0.89898989899	0.909090909091	0.89898989899	0.89898989899	0.888888888889	0.969696969697	0.838383838384	0.868686868687	0.909090909091	0.909090909091	0.858585858586	0.929292929293	0.868686868687	0.878787878788	0.858585858586	0.959595959596	0.888888888889	0.919191919192	0.925531914894	0.894736842105	0.474226804124	0.373737373737	0.363636363636	0.454545454545	0.484848484848	0.505050505051	0.414141414141	0.343434343434	0.929292929293	0.909090909091	0.858585858586	0.858585858586	0.767676767677	0.919191919192	0.848484848485	0.919191919192	0.858585858586	0.878787878788	0.787878787879	0.284210526316	0.89898989899	0.939393939394	0.929292929293	0.888888888889	0.888888888889	0.888888888889	0.888888888889	0.919191919192	0.767676767677	0.949494949495	0.89898989899	0.494949494949	0.909090909091	0.888888888889	0.868686868687	0.909090909091	0.89898989899	0.777777777778	0.363636363636	0.909090909091	0.979797979798	0.909090909091	0.287234042553	0.909090909091	0.919191919192	0.909090909091	0.292929292929	0.929292929293	0.878787878788	0.79797979798	0.909090909091	0.989898989899	
0.343434343434	0.343434343434	0.333333333333	0.333333333333	0.333333333333	0.989898989899	1.0	0.969696969697	0.949494949495	0.858585858586	0.979797979798	0.878787878788	0.969696969697	0.939393939394	0.969696969697	0.919191919192	0.878787878788	0.89898989899	0.777777777778	0.777777777778	0.909090909091	0.909090909091	0.929292929293	0.89898989899	0.919191919192	0.89898989899	0.89898989899	0.757575757576	0.89898989899	0.89898989899	0.909090909091	0.868686868687	0.878787878788	0.787878787879	0.949494949495	0.949494949495	0.89898989899	0.89898989899	0.909090909091	0.919191919192	0.89898989899	0.868686868687	0.858585858586	0.939393939394	0.89898989899	0.909090909091	0.909090909091	0.949494949495	0.868686868687	0.868686868687	0.909090909091	0.909090909091	0.939393939394	0.828282828283	0.939393939394	0.949494949495	0.909090909091	0.777777777778	0.858585858586	0.939393939394	0.959595959596	0.868686868687	0.79797979798	0.89898989899	0.959595959596	0.909090909091	0.888888888889	0.757575757576	0.909090909091	0.888888888889	0.959595959596	0.919191919192	0.868686868687	0.919191919192	0.959595959596	0.89898989899	0.89898989899	0.929292929293	0.888888888889	0.919191919192	0.89898989899	0.89898989899	0.868686868687	0.89898989899	0.868686868687	0.919191919192	0.909090909091	0.919191919192	0.909090909091	0.909090909091	0.89898989899	0.959595959596	0.848484848485	0.878787878788	0.919191919192	0.919191919192	0.858585858586	0.939393939394	0.878787878788	0.888888888889	0.868686868687	0.949494949495	0.89898989899	0.929292929293	0.936170212766	0.905263157895	0.484536082474	0.363636363636	0.363636363636	0.454545454545	0.494949494949	0.515151515152	0.414141414141	0.343434343434	0.939393939394	0.919191919192	0.868686868687	0.868686868687	0.777777777778	0.929292929293	0.858585858586	0.929292929293	0.868686868687	0.888888888889	0.79797979798	0.263157894737	0.909090909091	0.929292929293	0.919191919192	0.89898989899	0.89898989899	0.89898989899	0.89898989899	0.929292929293	0.777777777778	0.959595959596	0.909090909091	0.505050505051	0.919191919192	0.89898989899	0.878787878788	0.919191919192	0.909090909091	0.787878787879	0.343434343434	0.919191919192	0.969696969697	0.919191919192	0.265957446809	0.919191919192	0.929292929293	0.919191919192	0.282828282828	0.939393939394	0.888888888889	0.808080808081	0.919191919192	0.979797979798	
0.323232323232	0.323232323232	0.333333333333	0.333333333333	0.333333333333	0.959595959596	0.969696969697	1.0	0.959595959596	0.868686868687	0.989898989899	0.888888888889	0.979797979798	0.949494949495	0.979797979798	0.949494949495	0.909090909091	0.909090909091	0.767676767677	0.767676767677	0.919191919192	0.919191919192	0.939393939394	0.909090909091	0.909090909091	0.929292929293	0.909090909091	0.767676767677	0.909090909091	0.909090909091	0.919191919192	0.878787878788	0.888888888889	0.777777777778	0.959595959596	0.959595959596	0.909090909091	0.909090909091	0.919191919192	0.929292929293	0.909090909091	0.878787878788	0.878787878788	0.929292929293	0.909090909091	0.919191919192	0.919191919192	0.939393939394	0.878787878788	0.878787878788	0.919191919192	0.919191919192	0.949494949495	0.818181818182	0.949494949495	0.979797979798	0.919191919192	0.787878787879	0.868686868687	0.949494949495	0.969696969697	0.878787878788	0.828282828283	0.909090909091	0.989898989899	0.919191919192	0.919191919192	0.767676767677	0.939393939394	0.919191919192	0.969696969697	0.929292929293	0.878787878788	0.929292929293	0.969696969697	0.909090909091	0.909090909091	0.919191919192	0.89898989899	0.929292929293	0.909090909091	0.909090909091	0.878787878788	0.909090909091	0.858585858586	0.929292929293	0.919191919192	0.929292929293	0.919191919192	0.919191919192	0.909090909091	0.969696969697	0.858585858586	0.888888888889	0.929292929293	0.929292929293	0.868686868687	0.949494949495	0.888888888889	0.89898989899	0.878787878788	0.979797979798	0.909090909091	0.939393939394	0.946808510638	0.915789473684	0.474226804124	0.373737373737	0.373737373737	0.454545454545	0.494949494949	0.515151515152	0.414141414141	0.343434343434	0.949494949495	0.929292929293	0.838383838384	0.858585858586	0.767676767677	0.939393939394	0.848484848485	0.919191919192	0.858585858586	0.878787878788	0.787878787879	0.305263157895	0.919191919192	0.939393939394	0.929292929293	0.909090909091	0.909090909091	0.909090909091	0.909090909091	0.919191919192	0.787878787879	0.969696969697	0.919191919192	0.505050505051	0.929292929293	0.909090909091	0.888888888889	0.929292929293	0.919191919192	0.777777777778	0.323232323232	0.909090909091	0.979797979798	0.929292929293	0.308510638298	0.919191919192	0.939393939394	0.929292929293	0.282828282828	0.949494949495	0.89898989899	0.79797979798	0.929292929293	0.959595959596	
0.343434343434	0.343434343434	0.353535353535	0.333333333333	0.333333333333	0.959595959596	0.949494949495	0.959595959596	1.0	0.848484848485	0.969696969697	0.868686868687	0.959595959596	0.929292929293	0.959595959596	0.909090909091	0.868686868687	0.888888888889	0.747474747475	0.747474747475	0.89898989899	0.89898989899	0.919191919192	0.888888888889	0.888888888889	0.888888888889	0.888888888889	0.747474747475	0.888888888889	0.909090909091	0.89898989899	0.858585858586	0.868686868687	0.79797979798	0.939393939394	0.939393939394	0.888888888889	0.888888888889	0.89898989899	0.909090909091	0.888888888889	0.838383838384	0.838383838384	0.909090909091	0.888888888889	0.89898989899	0.89898989899	0.919191919192	0.838383838384	0.858585858586	0.89898989899	0.89898989899	0.949494949495	0.818181818182	0.949494949495	0.959595959596	0.89898989899	0.787878787879	0.828282828283	0.929292929293	0.969696969697	0.838383838384	0.787878787879	0.909090909091	0.969696969697	0.939393939394	0.878787878788	0.747474747475	0.89898989899	0.878787878788	0.969696969697	0.909090909091	0.838383838384	0.909090909091	0.949494949495	0.888888888889	0.909090909091	0.89898989899	0.89898989899	0.909090909091	0.888888888889	0.89898989899	0.838383838384	0.888888888889	0.838383838384	0.909090909091	0.89898989899	0.909090909091	0.89898989899	0.89898989899	0.888888888889	0.969696969697	0.838383838384	0.868686868687	0.909090909091	0.909090909091	0.858585858586	0.929292929293	0.868686868687	0.878787878788	0.858585858586	0.959595959596	0.888888888889	0.919191919192	0.925531914894	0.894736842105	0.453608247423	0.40404040404	0.393939393939	0.464646464646	0.474747474747	0.494949494949	0.434343434343	0.363636363636	0.929292929293	0.909090909091	0.818181818182	0.838383838384	0.727272727273	0.919191919192	0.828282828283	0.89898989899	0.838383838384	0.858585858586	0.767676767677	0.305263157895	0.89898989899	0.939393939394	0.929292929293	0.888888888889	0.888888888889	0.89898989899	0.888888888889	0.919191919192	0.767676767677	0.949494949495	0.89898989899	0.484848484848	0.909090909091	0.909090909091	0.848484848485	0.909090909091	0.89898989899	0.757575757576	0.363636363636	0.888888888889	0.979797979798	0.909090909091	0.308510638298	0.89898989899	0.919191919192	0.929292929293	0.292929292929	0.929292929293	0.878787878788	0.818181818182	0.909090909091	0.959595959596	
0.333333333333	0.333333333333	0.343434343434	0.323232323232	0.323232323232	0.848484848485	0.858585858586	0.868686868687	0.848484848485	1.0	0.878787878788	0.868686868687	0.868686868687	0.888888888889	0.868686868687	0.878787878788	0.888888888889	0.888888888889	0.757575757576	0.757575757576	0.888888888889	0.89898989899	0.888888888889	0.888888888889	0.888888888889	0.888888888889	0.888888888889	0.767676767677	0.888888888889	0.888888888889	0.89898989899	0.858585858586	0.868686868687	0.767676767677	0.89898989899	0.868686868687	0.888888888889	0.888888888889	0.89898989899	0.878787878788	0.858585858586	0.79797979798	0.79797979798	0.878787878788	0.888888888889	0.89898989899	0.89898989899	0.888888888889	0.79797979798	0.828282828283	0.868686868687	0.868686868687	0.858585858586	0.767676767677	0.838383838384	0.848484848485	0.868686868687	0.757575757576	0.787878787879	0.89898989899	0.858585858586	0.808080808081	0.818181818182	0.888888888889	0.858585858586	0.858585858586	0.868686868687	0.747474747475	0.878787878788	0.878787878788	0.858585858586	0.878787878788	0.79797979798	0.878787878788	0.868686868687	0.888888888889	0.858585858586	0.848484848485	0.878787878788	0.868686868687	0.858585858586	0.858585858586	0.79797979798	0.858585858586	0.828282828283	0.858585858586	0.868686868687	0.878787878788	0.868686868687	0.89898989899	0.858585858586	0.858585858586	0.838383838384	0.848484848485	0.868686868687	0.878787878788	0.868686868687	0.888888888889	0.868686868687	0.959595959596	0.858585858586	0.848484848485	0.858585858586	0.89898989899	0.882978723404	0.894736842105	0.494845360825	0.414141414141	0.414141414141	0.494949494949	0.505050505051	0.525252525253	0.424242424242	0.353535353535	0.838383838384	0.868686868687	0.79797979798	0.838383838384	0.727272727273	0.868686868687	0.828282828283	0.858585858586	0.828282828283	0.848484848485	0.767676767677	0.294736842105	0.868686868687	0.858585858586	0.848484848485	0.888888888889	0.888888888889	0.888888888889	0.888888888889	0.858585858586	0.767676767677	0.858585858586	0.89898989899	0.515151515152	0.878787878788	0.858585858586	0.808080808081	0.878787878788	0.89898989899	0.757575757576	0.323232323232	0.858585858586	0.868686868687	0.858585858586	0.297872340426	0.868686868687	0.919191919192	0.868686868687	0.282828282828	0.888888888889	0.878787878788	0.787878787879	0.868686868687	0.848484848485	
0.333333333333	0.333333333333	0.343434343434	0.323232323232	0.323232323232	0.969696969697	0.979797979798	0.989898989899	0.969696969697	0.878787878788	1.0	0.89898989899	0.989898989899	0.959595959596	0.989898989899	0.939393939394	0.89898989899	0.919191919192	0.777777777778	0.777777777778	0.929292929293	0.929292929293	0.949494949495	0.919191919192	0.919191919192	0.919191919192	0.919191919192	0.777777777778	0.919191919192	0.919191919192	0.929292929293	0.888888888889	0.89898989899	0.787878787879	0.969696969697	0.969696969697	0.919191919192	0.919191919192	0.929292929293	0.939393939394	0.919191919192	0.868686868687	0.868686868687	0.939393939394	0.919191919192	0.929292929293	0.929292929293	0.949494949495	0.868686868687	0.888888888889	0.929292929293	0.929292929293	0.959595959596	0.828282828283	0.959595959596	0.969696969697	0.929292929293	0.777777777778	0.858585858586	0.959595959596	0.979797979798	0.868686868687	0.818181818182	0.919191919192	0.979797979798	0.929292929293	0.909090909091	0.777777777778	0.929292929293	0.909090909091	0.979797979798	0.939393939394	0.868686868687	0.939393939394	0.979797979798	0.919191919192	0.919191919192	0.929292929293	0.909090909091	0.939393939394	0.919191919192	0.919191919192	0.868686868687	0.919191919192	0.868686868687	0.939393939394	0.929292929293	0.939393939394	0.929292929293	0.929292929293	0.919191919192	0.979797979798	0.868686868687	0.89898989899	0.939393939394	0.939393939394	0.878787878788	0.959595959596	0.89898989899	0.909090909091	0.888888888889	0.969696969697	0.919191919192	0.949494949495	0.957446808511	0.926315789474	0.484536082474	0.383838383838	0.383838383838	0.464646464646	0.505050505051	0.525252525253	0.424242424242	0.353535353535	0.959595959596	0.939393939394	0.848484848485	0.868686868687	0.757575757576	0.949494949495	0.858585858586	0.929292929293	0.868686868687	0.888888888889	0.79797979798	0.294736842105	0.929292929293	0.949494949495	0.939393939394	0.919191919192	0.919191919192	0.919191919192	0.919191919192	0.929292929293	0.79797979798	0.979797979798	0.929292929293	0.515151515152	0.939393939394	0.919191919192	0.878787878788	0.939393939394	0.929292929293	0.787878787879	0.333333333333	0.919191919192	0.989898989899	0.939393939394	0.297872340426	0.929292929293	0.949494949495	0.939393939394	0.292929292929	0.959595959596	0.909090909091	0.808080808081	0.939393939394	0.969696969697	
0.30303030303	0.30303030303	0.313131313131	0.292929292929	0.292929292929	0.868686868687	0.878787878788	0.888888888889	0.868686868687	0.868686868687	0.89898989899	1.0	0.888888888889	0.89898989899	0.888888888889	0.89898989899	0.939393939394	0.848484848485	0.757575757576	0.757575757576	0.909090909091	0.858585858586	0.909090909091	0.848484848485	0.848484848485	0.848484848485	0.848484848485	0.808080808081	0.848484848485	0.848484848485	0.858585858586	0.818181818182	0.828282828283	0.757575757576	0.909090909091	0.868686868687	0.848484848485	0.848484848485	0.858585858586	0.89898989899	0.878787878788	0.818181818182	0.818181818182	0.89898989899	0.848484848485	0.858585858586	0.858585858586	0.888888888889	0.818181818182	0.838383838384	0.888888888889	0.888888888889	0.858585858586	0.818181818182	0.878787878788	0.868686868687	0.878787878788	0.747474747475	0.808080808081	0.89898989899	0.878787878788	0.79797979798	0.79797979798	0.848484848485	0.878787878788	0.888888888889	0.858585858586	0.787878787879	0.848484848485	0.838383838384	0.89898989899	0.89898989899	0.818181818182	0.89898989899	0.919191919192	0.848484848485	0.878787878788	0.848484848485	0.838383838384	0.858585858586	0.878787878788	0.878787878788	0.818181818182	0.878787878788	0.848484848485	0.848484848485	0.888888888889	0.89898989899	0.888888888889	0.949494949495	0.878787878788	0.878787878788	0.848484848485	0.858585858586	0.878787878788	0.89898989899	0.868686868687	0.89898989899	0.878787878788	0.909090909091	0.868686868687	0.888888888889	0.878787878788	0.89898989899	0.914893617021	0.852631578947	0.484536082474	0.393939393939	0.393939393939	0.464646464646	0.515151515152	0.525252525253	0.383838383838	0.333333333333	0.858585858586	0.878787878788	0.828282828283	0.808080808081	0.717171717172	0.909090909091	0.79797979798	0.868686868687	0.848484848485	0.868686868687	0.818181818182	0.294736842105	0.888888888889	0.858585858586	0.848484848485	0.848484848485	0.848484848485	0.939393939394	0.848484848485	0.888888888889	0.818181818182	0.878787878788	0.858585858586	0.525252525253	0.89898989899	0.878787878788	0.808080808081	0.89898989899	0.858585858586	0.767676767677	0.323232323232	0.878787878788	0.888888888889	0.848484848485	0.297872340426	0.888888888889	0.878787878788	0.89898989899	0.282828282828	0.919191919192	0.838383838384	0.777777777778	0.89898989899	0.868686868687	
0.343434343434	0.343434343434	0.353535353535	0.333333333333	0.333333333333	0.959595959596	0.969696969697	0.979797979798	0.959595959596	0.868686868687	0.989898989899	0.888888888889	1.0	0.949494949495	0.979797979798	0.929292929293	0.888888888889	0.909090909091	0.787878787879	0.787878787879	0.919191919192	0.919191919192	0.939393939394	0.909090909091	0.909090909091	0.909090909091	0.909090909091	0.767676767677	0.909090909091	0.909090909091	0.919191919192	0.878787878788	0.888888888889	0.79797979798	0.959595959596	0.959595959596	0.909090909091	0.909090909091	0.919191919192	0.929292929293	0.929292929293	0.878787878788	0.878787878788	0.929292929293	0.909090909091	0.919191919192	0.919191919192	0.939393939394	0.878787878788	0.89898989899	0.919191919192	0.919191919192	0.949494949495	0.818181818182	0.949494949495	0.959595959596	0.919191919192	0.787878787879	0.868686868687	0.949494949495	0.969696969697	0.878787878788	0.808080808081	0.909090909091	0.969696969697	0.919191919192	0.89898989899	0.787878787879	0.919191919192	0.89898989899	0.969696969697	0.929292929293	0.878787878788	0.929292929293	0.969696969697	0.909090909091	0.929292929293	0.939393939394	0.89898989899	0.929292929293	0.909090909091	0.909090909091	0.878787878788	0.909090909091	0.878787878788	0.929292929293	0.919191919192	0.929292929293	0.919191919192	0.919191919192	0.929292929293	0.969696969697	0.858585858586	0.888888888889	0.929292929293	0.929292929293	0.868686868687	0.949494949495	0.888888888889	0.89898989899	0.878787878788	0.959595959596	0.909090909091	0.939393939394	0.946808510638	0.915789473684	0.474226804124	0.373737373737	0.373737373737	0.454545454545	0.494949494949	0.515151515152	0.434343434343	0.363636363636	0.949494949495	0.929292929293	0.858585858586	0.878787878788	0.767676767677	0.939393939394	0.868686868687	0.919191919192	0.878787878788	0.89898989899	0.787878787879	0.284210526316	0.919191919192	0.939393939394	0.929292929293	0.909090909091	0.909090909091	0.909090909091	0.909090909091	0.919191919192	0.787878787879	0.969696969697	0.919191919192	0.505050505051	0.929292929293	0.909090909091	0.888888888889	0.929292929293	0.919191919192	0.79797979798	0.323232323232	0.909090909091	0.979797979798	0.929292929293	0.287234042553	0.919191919192	0.939393939394	0.929292929293	0.292929292929	0.949494949495	0.89898989899	0.818181818182	0.929292929293	0.959595959596	
0.343434343434	0.343434343434	0.353535353535	0.333333333333	0.333333333333	0.929292929293	0.939393939394	0.949494949495	0.929292929293	0.888888888889	0.959595959596	0.89898989899	0.949494949495	1.0	0.949494949495	0.959595959596	0.89898989899	0.929292929293	0.777777777778	0.777777777778	0.949494949495	0.939393939394	0.969696969697	0.929292929293	0.929292929293	0.929292929293	0.929292929293	0.767676767677	0.929292929293	0.929292929293	0.939393939394	0.89898989899	0.909090909091	0.787878787879	0.989898989899	0.949494949495	0.929292929293	0.929292929293	0.939393939394	0.959595959596	0.939393939394	0.868686868687	0.868686868687	0.959595959596	0.929292929293	0.939393939394	0.939393939394	0.969696969697	0.868686868687	0.878787878788	0.949494949495	0.949494949495	0.919191919192	0.848484848485	0.919191919192	0.929292929293	0.919191919192	0.777777777778	0.858585858586	0.979797979798	0.939393939394	0.868686868687	0.818181818182	0.929292929293	0.939393939394	0.939393939394	0.89898989899	0.757575757576	0.929292929293	0.919191919192	0.939393939394	0.959595959596	0.868686868687	0.959595959596	0.959595959596	0.929292929293	0.939393939394	0.909090909091	0.919191919192	0.919191919192	0.939393939394	0.939393939394	0.868686868687	0.939393939394	0.868686868687	0.909090909091	0.949494949495	0.959595959596	0.949494949495	0.929292929293	0.939393939394	0.939393939394	0.888888888889	0.919191919192	0.959595959596	0.959595959596	0.868686868687	0.979797979798	0.919191919192	0.909090909091	0.909090909091	0.929292929293	0.939393939394	0.959595959596	0.989361702128	0.936842105263	0.474226804124	0.383838383838	0.383838383838	0.464646464646	0.494949494949	0.515151515152	0.434343434343	0.363636363636	0.919191919192	0.939393939394	0.848484848485	0.868686868687	0.757575757576	0.949494949495	0.858585858586	0.929292929293	0.868686868687	0.888888888889	0.787878787879	0.284210526316	0.949494949495	0.909090909091	0.89898989899	0.929292929293	0.929292929293	0.919191919192	0.929292929293	0.939393939394	0.79797979798	0.939393939394	0.939393939394	0.505050505051	0.959595959596	0.939393939394	0.878787878788	0.959595959596	0.939393939394	0.787878787879	0.333333333333	0.939393939394	0.949494949495	0.909090909091	0.287234042553	0.949494949495	0.959595959596	0.949494949495	0.282828282828	0.979797979798	0.919191919192	0.808080808081	0.949494949495	0.929292929293	
0.343434343434	0.343434343434	0.353535353535	0.333333333333	0.333333333333	0.959595959596	0.969696969697	0.979797979798	0.959595959596	0.868686868687	0.989898989899	0.888888888889	0.979797979798	0.949494949495	1.0	0.929292929293	0.888888888889	0.909090909091	0.767676767677	0.787878787879	0.919191919192	0.919191919192	0.939393939394	0.909090909091	0.909090909091	0.909090909091	0.909090909091	0.767676767677	0.909090909091	0.909090909091	0.919191919192	0.89898989899	0.909090909091	0.79797979798	0.959595959596	0.959595959596	0.909090909091	0.909090909091	0.919191919192	0.929292929293	0.909090909091	0.858585858586	0.858585858586	0.929292929293	0.909090909091	0.919191919192	0.919191919192	0.939393939394	0.858585858586	0.878787878788	0.919191919192	0.919191919192	0.949494949495	0.838383838384	0.949494949495	0.959595959596	0.919191919192	0.787878787879	0.858585858586	0.949494949495	0.969696969697	0.858585858586	0.828282828283	0.909090909091	0.969696969697	0.919191919192	0.89898989899	0.767676767677	0.919191919192	0.89898989899	0.969696969697	0.929292929293	0.858585858586	0.929292929293	0.969696969697	0.909090909091	0.909090909091	0.919191919192	0.89898989899	0.929292929293	0.909090909091	0.909090909091	0.858585858586	0.909090909091	0.878787878788	0.929292929293	0.919191919192	0.929292929293	0.919191919192	0.919191919192	0.909090909091	0.969696969697	0.878787878788	0.909090909091	0.929292929293	0.929292929293	0.868686868687	0.949494949495	0.888888888889	0.89898989899	0.89898989899	0.959595959596	0.909090909091	0.939393939394	0.946808510638	0.915789473684	0.494845360825	0.393939393939	0.393939393939	0.454545454545	0.515151515152	0.535353535354	0.414141414141	0.343434343434	0.949494949495	0.929292929293	0.838383838384	0.858585858586	0.767676767677	0.939393939394	0.848484848485	0.919191919192	0.878787878788	0.89898989899	0.808080808081	0.305263157895	0.919191919192	0.939393939394	0.929292929293	0.909090909091	0.909090909091	0.909090909091	0.929292929293	0.919191919192	0.787878787879	0.969696969697	0.919191919192	0.525252525253	0.929292929293	0.909090909091	0.868686868687	0.929292929293	0.919191919192	0.777777777778	0.323232323232	0.909090909091	0.979797979798	0.929292929293	0.308510638298	0.919191919192	0.939393939394	0.929292929293	0.292929292929	0.949494949495	0.89898989899	0.818181818182	0.929292929293	0.959595959596	
0.323232323232	0.323232323232	0.333333333333	0.333333333333	0.333333333333	0.909090909091	0.919191919192	0.949494949495	0.909090909091	0.878787878788	0.939393939394	0.89898989899	0.929292929293	0.959595959596	0.929292929293	1.0	0.919191919192	0.929292929293	0.787878787879	0.79797979798	0.969696969697	0.939393939394	0.989898989899	0.929292929293	0.929292929293	0.949494949495	0.929292929293	0.777777777778	0.929292929293	0.929292929293	0.939393939394	0.89898989899	0.909090909091	0.767676767677	0.969696969697	0.929292929293	0.929292929293	0.929292929293	0.939393939394	0.979797979798	0.959595959596	0.888888888889	0.888888888889	0.979797979798	0.929292929293	0.939393939394	0.939393939394	0.969696969697	0.888888888889	0.858585858586	0.969696969697	0.969696969697	0.89898989899	0.868686868687	0.919191919192	0.929292929293	0.89898989899	0.777777777778	0.878787878788	0.979797979798	0.919191919192	0.868686868687	0.838383838384	0.929292929293	0.939393939394	0.959595959596	0.89898989899	0.767676767677	0.949494949495	0.939393939394	0.939393939394	0.979797979798	0.888888888889	0.979797979798	0.959595959596	0.929292929293	0.959595959596	0.89898989899	0.919191919192	0.89898989899	0.959595959596	0.959595959596	0.888888888889	0.959595959596	0.888888888889	0.888888888889	0.969696969697	0.979797979798	0.969696969697	0.909090909091	0.959595959596	0.919191919192	0.89898989899	0.919191919192	0.939393939394	0.979797979798	0.858585858586	0.959595959596	0.929292929293	0.888888888889	0.919191919192	0.949494949495	0.959595959596	0.979797979798	0.978723404255	0.936842105263	0.463917525773	0.373737373737	0.373737373737	0.454545454545	0.494949494949	0.505050505051	0.414141414141	0.343434343434	0.89898989899	0.959595959596	0.848484848485	0.878787878788	0.777777777778	0.969696969697	0.868686868687	0.949494949495	0.888888888889	0.909090909091	0.787878787879	0.315789473684	0.969696969697	0.888888888889	0.878787878788	0.929292929293	0.929292929293	0.89898989899	0.929292929293	0.959595959596	0.777777777778	0.919191919192	0.939393939394	0.505050505051	0.979797979798	0.959595959596	0.878787878788	0.979797979798	0.939393939394	0.79797979798	0.313131313131	0.959595959596	0.929292929293	0.888888888889	0.31914893617	0.969696969697	0.959595959596	0.969696969697	0.282828282828	0.979797979798	0.919191919192	0.787878787879	0.969696969697	0.909090909091	
