a.30	15
1.0	0.934426229508	0.950819672131	0.8	0.245901639344	0.295081967213	0.229508196721	0.262295081967	0.229508196721	0.295081967213	0.196721311475	0.180327868852	0.196721311475	0.245901639344	0.295081967213	
0.934426229508	1.0	0.967741935484	0.833333333333	0.225806451613	0.241935483871	0.225806451613	0.209677419355	0.241935483871	0.290322580645	0.193548387097	0.193548387097	0.274193548387	0.225806451613	0.258064516129	
0.950819672131	0.967741935484	1.0	0.833333333333	0.222222222222	0.306451612903	0.222222222222	0.222222222222	0.238095238095	0.301587301587	0.225806451613	0.222222222222	0.174603174603	0.253968253968	0.31746031746	
0.8	0.833333333333	0.833333333333	1.0	0.283333333333	0.25	0.3	0.25	0.25	0.266666666667	0.116666666667	0.216666666667	0.166666666667	0.25	0.266666666667	
0.245901639344	0.225806451613	0.222222222222	0.283333333333	1.0	0.112903225806	0.984375	0.313432835821	0.358208955224	0.106060606061	0.193548387097	0.268656716418	0.223880597015	0.328358208955	0.109375	
0.295081967213	0.241935483871	0.306451612903	0.25	0.112903225806	1.0	0.241935483871	0.274193548387	0.290322580645	1.0	0.258064516129	0.225806451613	0.241935483871	0.290322580645	1.0	
0.229508196721	0.225806451613	0.222222222222	0.3	0.984375	0.241935483871	1.0	0.296875	0.34375	0.234375	0.193548387097	0.25	0.203125	0.3125	0.1875	
0.262295081967	0.209677419355	0.222222222222	0.25	0.313432835821	0.274193548387	0.296875	1.0	1.0	0.272727272727	0.225806451613	0.223684210526	0.242857142857	1.0	0.265625	
0.229508196721	0.241935483871	0.238095238095	0.25	0.358208955224	0.290322580645	0.34375	1.0	1.0	0.272727272727	0.290322580645	0.240506329114	0.257142857143	1.0	0.265625	
0.295081967213	0.290322580645	0.301587301587	0.266666666667	0.106060606061	1.0	0.234375	0.272727272727	0.272727272727	1.0	0.209677419355	0.212121212121	0.227272727273	0.272727272727	1.0	
0.196721311475	0.193548387097	0.225806451613	0.116666666667	0.193548387097	0.258064516129	0.193548387097	0.225806451613	0.290322580645	0.209677419355	1.0	0.306451612903	0.209677419355	0.322580645161	0.225806451613	
0.180327868852	0.193548387097	0.222222222222	0.216666666667	0.268656716418	0.225806451613	0.25	0.223684210526	0.240506329114	0.212121212121	0.306451612903	1.0	0.242857142857	0.253164556962	0.21875	
0.196721311475	0.274193548387	0.174603174603	0.166666666667	0.223880597015	0.241935483871	0.203125	0.242857142857	0.257142857143	0.227272727273	0.209677419355	0.242857142857	1.0	0.271428571429	0.171875	
0.245901639344	0.225806451613	0.253968253968	0.25	0.328358208955	0.290322580645	0.3125	1.0	1.0	0.272727272727	0.322580645161	0.253164556962	0.271428571429	1.0	0.28125	
0.295081967213	0.258064516129	0.31746031746	0.266666666667	0.109375	1.0	0.1875	0.265625	0.265625	1.0	0.225806451613	0.21875	0.171875	0.28125	1.0	
Fold a.30 solved.

a.34	2
1.0	1.0	
1.0	1.0	
Fold a.34 solved.

a.36	7
1.0	1.0	0.46	0.307692307692	0.336538461538	1.0	0.355769230769	
1.0	1.0	0.521739130435	0.376811594203	0.405797101449	0.971014492754	0.434782608696	
0.46	0.521739130435	1.0	0.33	0.34	0.45	0.35	
0.307692307692	0.376811594203	0.33	1.0	1.0	0.32	0.392523364486	
0.336538461538	0.405797101449	0.34	1.0	1.0	0.32	0.366071428571	
1.0	0.971014492754	0.45	0.32	0.32	1.0	0.37	
0.355769230769	0.434782608696	0.35	0.392523364486	0.366071428571	0.37	1.0	
Fold a.36 solved.

a.301	19
1.0	1.0	1.0	0.307692307692	0.307692307692	0.302325581395	0.3	0.298850574713	0.296703296703	0.309523809524	0.303370786517	0.284090909091	0.296703296703	0.296703296703	0.296703296703	0.297619047619	0.296703296703	0.310344827586	0.296703296703	
1.0	1.0	0.989130434783	0.29347826087	0.290322580645	0.302325581395	0.3	0.298850574713	0.29347826087	0.297619047619	0.303370786517	0.284090909091	0.290322580645	0.296703296703	0.290322580645	0.297619047619	0.290322580645	0.310344827586	0.29347826087	
1.0	0.989130434783	1.0	0.304347826087	0.304347826087	0.302325581395	0.3	0.298850574713	0.29347826087	0.309523809524	0.303370786517	0.284090909091	0.29347826087	0.296703296703	0.29347826087	0.297619047619	0.29347826087	0.310344827586	0.29347826087	
0.307692307692	0.29347826087	0.304347826087	1.0	1.0	1.0	1.0	1.0	0.989130434783	1.0	1.0	1.0	1.0	0.989010989011	1.0	1.0	1.0	1.0	0.989130434783	
0.307692307692	0.290322580645	0.304347826087	1.0	1.0	1.0	1.0	1.0	0.989130434783	1.0	1.0	1.0	1.0	1.0	1.0	1.0	0.989247311828	1.0	1.0	
0.302325581395	0.302325581395	0.302325581395	1.0	1.0	1.0	1.0	1.0	1.0	1.0	1.0	0.988372093023	1.0	1.0	1.0	0.964285714286	1.0	1.0	1.0	
0.3	0.3	0.3	1.0	1.0	1.0	1.0	1.0	1.0	1.0	1.0	1.0	1.0	1.0	1.0	1.0	1.0	1.0	1.0	
0.298850574713	0.298850574713	0.298850574713	1.0	1.0	1.0	1.0	1.0	1.0	1.0	1.0	0.988505747126	1.0	1.0	1.0	0.97619047619	1.0	0.988505747126	1.0	
0.296703296703	0.29347826087	0.29347826087	0.989130434783	0.989130434783	1.0	1.0	1.0	1.0	1.0	1.0	0.988636363636	1.0	0.978021978022	1.0	0.988095238095	1.0	1.0	0.978260869565	
0.309523809524	0.297619047619	0.309523809524	1.0	1.0	1.0	1.0	1.0	1.0	1.0	1.0	1.0	1.0	1.0	1.0	0.964285714286	1.0	1.0	1.0	
0.303370786517	0.303370786517	0.303370786517	1.0	1.0	1.0	1.0	1.0	1.0	1.0	1.0	0.988636363636	1.0	1.0	1.0	0.988095238095	1.0	1.0	1.0	
0.284090909091	0.284090909091	0.284090909091	1.0	1.0	0.988372093023	1.0	0.988505747126	0.988636363636	1.0	0.988636363636	1.0	1.0	1.0	1.0	1.0	1.0	0.977011494253	1.0	
0.296703296703	0.290322580645	0.29347826087	1.0	1.0	1.0	1.0	1.0	1.0	1.0	1.0	1.0	1.0	1.0	1.0	1.0	1.0	1.0	1.0	
0.296703296703	0.296703296703	0.296703296703	0.989010989011	1.0	1.0	1.0	1.0	0.978021978022	1.0	1.0	1.0	1.0	1.0	1.0	1.0	0.989010989011	1.0	1.0	
0.296703296703	0.290322580645	0.29347826087	1.0	1.0	1.0	1.0	1.0	1.0	1.0	1.0	1.0	1.0	1.0	1.0	1.0	1.0	1.0	1.0	
0.297619047619	0.297619047619	0.297619047619	1.0	1.0	0.964285714286	1.0	0.97619047619	0.988095238095	0.964285714286	0.988095238095	1.0	1.0	1.0	1.0	1.0	1.0	0.964285714286	1.0	
0.296703296703	0.290322580645	0.29347826087	1.0	0.989247311828	1.0	1.0	1.0	1.0	1.0	1.0	1.0	1.0	0.989010989011	1.0	1.0	1.0	1.0	0.989130434783	
0.310344827586	0.310344827586	0.310344827586	1.0	1.0	1.0	1.0	0.988505747126	1.0	1.0	1.0	0.977011494253	1.0	1.0	1.0	0.964285714286	1.0	1.0	1.0	
0.296703296703	0.29347826087	0.29347826087	0.989130434783	1.0	1.0	1.0	1.0	0.978260869565	1.0	1.0	1.0	1.0	1.0	1.0	1.0	0.989130434783	1.0	1.0	
Fold a.301 solved.

g.50	29
1.0	0.319444444444	0.258064516129	0.253333333333	0.238095238095	0.285714285714	0.25641025641	0.27868852459	0.246376811594	0.258064516129	0.236842105263	0.243243243243	0.297297297297	0.302631578947	0.257575757576	0.275362318841	0.262295081967	0.261538461538	0.258064516129	0.246376811594	0.256097560976	0.242857142857	0.24358974359	0.257575757576	0.290322580645	0.25	0.230769230769	0.189189189189	0.212121212121	
0.319444444444	1.0	0.467741935484	0.305555555556	0.222222222222	0.253968253968	0.222222222222	0.27868852459	0.246376811594	0.258064516129	0.25	0.430555555556	0.583333333333	0.583333333333	0.272727272727	0.246376811594	0.475409836066	0.261538461538	0.241935483871	0.246376811594	0.430555555556	0.3	0.416666666667	0.257575757576	0.241935483871	0.216666666667	0.492307692308	0.208333333333	0.257575757576	
0.258064516129	0.467741935484	1.0	0.306451612903	0.290322580645	0.177419354839	0.225806451613	0.229508196721	0.209677419355	0.193548387097	0.225806451613	0.41935483871	0.435483870968	0.435483870968	0.225806451613	0.241935483871	0.459016393443	0.225806451613	0.241935483871	0.241935483871	0.483870967742	0.258064516129	0.41935483871	0.241935483871	0.177419354839	0.166666666667	0.451612903226	0.177419354839	0.258064516129	
0.253333333333	0.305555555556	0.306451612903	1.0	0.238095238095	0.238095238095	0.213333333333	0.229508196721	0.231884057971	0.225806451613	0.253333333333	0.216216216216	0.243243243243	0.24	0.212121212121	0.231884057971	0.311475409836	0.230769230769	0.274193548387	0.202898550725	0.293333333333	0.185714285714	0.306666666667	0.181818181818	0.274193548387	0.233333333333	0.261538461538	0.162162162162	0.181818181818	
0.238095238095	0.222222222222	0.290322580645	0.238095238095	1.0	0.380952380952	0.396825396825	0.295081967213	0.428571428571	0.403225806452	0.301587301587	0.269841269841	0.238095238095	0.238095238095	0.285714285714	0.285714285714	0.262295081967	0.285714285714	0.290322580645	0.285714285714	0.269841269841	0.269841269841	0.285714285714	0.333333333333	0.177419354839	0.366666666667	0.190476190476	0.238095238095	0.460317460317	
0.285714285714	0.253968253968	0.177419354839	0.238095238095	0.380952380952	1.0	0.920634920635	0.229508196721	0.365079365079	0.983870967742	0.269841269841	0.285714285714	0.238095238095	0.301587301587	0.238095238095	0.285714285714	0.213114754098	0.269841269841	0.338709677419	0.269841269841	0.222222222222	0.285714285714	0.253968253968	0.269841269841	0.193548387097	0.5	0.238095238095	0.222222222222	0.349206349206	
0.25641025641	0.222222222222	0.225806451613	0.213333333333	0.396825396825	0.920634920635	1.0	0.262295081967	0.304347826087	0.91935483871	0.236842105263	0.216216216216	0.256756756757	0.25	0.318181818182	0.289855072464	0.196721311475	0.307692307692	0.338709677419	0.31884057971	0.217948717949	0.257142857143	0.230769230769	0.242424242424	0.306451612903	0.483333333333	0.230769230769	0.189189189189	0.333333333333	
0.27868852459	0.27868852459	0.229508196721	0.229508196721	0.295081967213	0.229508196721	0.262295081967	1.0	0.295081967213	0.245901639344	0.295081967213	0.245901639344	0.196721311475	0.213114754098	0.377049180328	0.393442622951	0.327868852459	0.393442622951	0.360655737705	0.393442622951	0.327868852459	0.327868852459	0.262295081967	0.27868852459	0.262295081967	0.266666666667	0.245901639344	0.245901639344	0.245901639344	
0.246376811594	0.246376811594	0.209677419355	0.231884057971	0.428571428571	0.365079365079	0.304347826087	0.295081967213	1.0	0.370967741935	0.217391304348	0.231884057971	0.231884057971	0.260869565217	0.242424242424	0.246376811594	0.196721311475	0.246153846154	0.258064516129	0.217391304348	0.217391304348	0.217391304348	0.188405797101	0.272727272727	0.193548387097	0.366666666667	0.169230769231	0.202898550725	0.69696969697	
0.258064516129	0.258064516129	0.193548387097	0.225806451613	0.403225806452	0.983870967742	0.91935483871	0.245901639344	0.370967741935	1.0	0.274193548387	0.274193548387	0.241935483871	0.258064516129	0.306451612903	0.322580645161	0.180327868852	0.306451612903	0.338709677419	0.322580645161	0.225806451613	0.290322580645	0.274193548387	0.306451612903	0.177419354839	0.483333333333	0.225806451613	0.225806451613	0.354838709677	
0.236842105263	0.25	0.225806451613	0.253333333333	0.301587301587	0.269841269841	0.236842105263	0.295081967213	0.217391304348	0.274193548387	1.0	0.202702702703	0.216216216216	0.210526315789	0.227272727273	0.217391304348	0.213114754098	0.215384615385	0.322580645161	0.217391304348	0.25	0.257142857143	0.25	0.272727272727	0.241935483871	0.283333333333	0.2	0.189189189189	0.242424242424	
0.243243243243	0.430555555556	0.41935483871	0.216216216216	0.269841269841	0.285714285714	0.216216216216	0.245901639344	0.231884057971	0.274193548387	0.202702702703	1.0	0.418918918919	0.418918918919	0.19696969697	0.188405797101	0.377049180328	0.2	0.290322580645	0.188405797101	0.364864864865	0.228571428571	0.405405405405	0.227272727273	0.290322580645	0.216666666667	0.384615384615	0.189189189189	0.242424242424	
0.297297297297	0.583333333333	0.435483870968	0.243243243243	0.238095238095	0.238095238095	0.256756756757	0.196721311475	0.231884057971	0.241935483871	0.216216216216	0.418918918919	1.0	1.0	0.19696969697	0.188405797101	0.44262295082	0.2	0.209677419355	0.217391304348	0.378378378378	0.257142857143	0.364864864865	0.257575757576	0.241935483871	0.266666666667	0.415384615385	0.121621621622	0.272727272727	
0.302631578947	0.583333333333	0.435483870968	0.24	0.238095238095	0.301587301587	0.25	0.213114754098	0.260869565217	0.258064516129	0.210526315789	0.418918918919	1.0	1.0	0.19696969697	0.202898550725	0.44262295082	0.2	0.225806451613	0.217391304348	0.368421052632	0.257142857143	0.368421052632	0.257575757576	0.225806451613	0.283333333333	0.415384615385	0.162162162162	0.272727272727	
0.257575757576	0.272727272727	0.225806451613	0.212121212121	0.285714285714	0.238095238095	0.318181818182	0.377049180328	0.242424242424	0.306451612903	0.227272727273	0.19696969697	0.19696969697	0.19696969697	1.0	1.0	0.27868852459	0.984615384615	0.322580645161	1.0	0.227272727273	0.5	0.287878787879	0.227272727273	0.258064516129	0.266666666667	0.246153846154	0.212121212121	0.242424242424	
0.275362318841	0.246376811594	0.241935483871	0.231884057971	0.285714285714	0.285714285714	0.289855072464	0.393442622951	0.246376811594	0.322580645161	0.217391304348	0.188405797101	0.188405797101	0.202898550725	1.0	1.0	0.27868852459	1.0	0.354838709677	0.985507246377	0.231884057971	0.492753623188	0.31884057971	0.242424242424	0.258064516129	0.283333333333	0.261538461538	0.231884057971	0.242424242424	
0.262295081967	0.475409836066	0.459016393443	0.311475409836	0.262295081967	0.213114754098	0.196721311475	0.327868852459	0.196721311475	0.180327868852	0.213114754098	0.377049180328	0.44262295082	0.44262295082	0.27868852459	0.27868852459	1.0	0.27868852459	0.262295081967	0.229508196721	1.0	0.327868852459	0.409836065574	0.213114754098	0.196721311475	0.216666666667	0.491803278689	0.180327868852	0.16393442623	
0.261538461538	0.261538461538	0.225806451613	0.230769230769	0.285714285714	0.269841269841	0.307692307692	0.393442622951	0.246153846154	0.306451612903	0.215384615385	0.2	0.2	0.2	0.984615384615	1.0	0.27868852459	1.0	0.338709677419	1.0	0.246153846154	0.507692307692	0.292307692308	0.230769230769	0.258064516129	0.266666666667	0.230769230769	0.215384615385	0.230769230769	
0.258064516129	0.241935483871	0.241935483871	0.274193548387	0.290322580645	0.338709677419	0.338709677419	0.360655737705	0.258064516129	0.338709677419	0.322580645161	0.290322580645	0.209677419355	0.225806451613	0.322580645161	0.354838709677	0.262295081967	0.338709677419	1.0	0.322580645161	0.290322580645	0.354838709677	0.322580645161	0.241935483871	0.225806451613	0.35	0.258064516129	0.258064516129	0.193548387097	
0.246376811594	0.246376811594	0.241935483871	0.202898550725	0.285714285714	0.269841269841	0.31884057971	0.393442622951	0.217391304348	0.322580645161	0.217391304348	0.188405797101	0.217391304348	0.217391304348	1.0	0.985507246377	0.229508196721	1.0	0.322580645161	1.0	0.231884057971	0.492753623188	0.275362318841	0.257575757576	0.274193548387	0.266666666667	0.261538461538	0.188405797101	0.257575757576	
0.256097560976	0.430555555556	0.483870967742	0.293333333333	0.269841269841	0.222222222222	0.217948717949	0.327868852459	0.217391304348	0.225806451613	0.25	0.364864864865	0.378378378378	0.368421052632	0.227272727273	0.231884057971	1.0	0.246153846154	0.290322580645	0.231884057971	1.0	0.271428571429	0.397435897436	0.242424242424	0.258064516129	0.266666666667	0.492307692308	0.189189189189	0.166666666667	
0.242857142857	0.3	0.258064516129	0.185714285714	0.269841269841	0.285714285714	0.257142857143	0.327868852459	0.217391304348	0.290322580645	0.257142857143	0.228571428571	0.257142857143	0.257142857143	0.5	0.492753623188	0.327868852459	0.507692307692	0.354838709677	0.492753623188	0.271428571429	1.0	0.242857142857	0.272727272727	0.209677419355	0.283333333333	0.292307692308	0.142857142857	0.166666666667	
0.24358974359	0.416666666667	0.41935483871	0.306666666667	0.285714285714	0.253968253968	0.230769230769	0.262295081967	0.188405797101	0.274193548387	0.25	0.405405405405	0.364864864865	0.368421052632	0.287878787879	0.31884057971	0.409836065574	0.292307692308	0.322580645161	0.275362318841	0.397435897436	0.242857142857	1.0	0.242424242424	0.274193548387	0.183333333333	0.461538461538	0.162162162162	0.287878787879	
0.257575757576	0.257575757576	0.241935483871	0.181818181818	0.333333333333	0.269841269841	0.242424242424	0.27868852459	0.272727272727	0.306451612903	0.272727272727	0.227272727273	0.257575757576	0.257575757576	0.227272727273	0.242424242424	0.213114754098	0.230769230769	0.241935483871	0.257575757576	0.242424242424	0.272727272727	0.242424242424	1.0	0.177419354839	0.25	0.2	0.30303030303	0.30303030303	
0.290322580645	0.241935483871	0.177419354839	0.274193548387	0.177419354839	0.193548387097	0.306451612903	0.262295081967	0.193548387097	0.177419354839	0.241935483871	0.290322580645	0.241935483871	0.225806451613	0.258064516129	0.258064516129	0.196721311475	0.258064516129	0.225806451613	0.274193548387	0.258064516129	0.209677419355	0.274193548387	0.177419354839	1.0	0.183333333333	0.209677419355	0.225806451613	0.258064516129	
0.25	0.216666666667	0.166666666667	0.233333333333	0.366666666667	0.5	0.483333333333	0.266666666667	0.366666666667	0.483333333333	0.283333333333	0.216666666667	0.266666666667	0.283333333333	0.266666666667	0.283333333333	0.216666666667	0.266666666667	0.35	0.266666666667	0.266666666667	0.283333333333	0.183333333333	0.25	0.183333333333	1.0	0.2	0.25	0.333333333333	
0.230769230769	0.492307692308	0.451612903226	0.261538461538	0.190476190476	0.238095238095	0.230769230769	0.245901639344	0.169230769231	0.225806451613	0.2	0.384615384615	0.415384615385	0.415384615385	0.246153846154	0.261538461538	0.491803278689	0.230769230769	0.258064516129	0.261538461538	0.492307692308	0.292307692308	0.461538461538	0.2	0.209677419355	0.2	1.0	0.184615384615	0.169230769231	
0.189189189189	0.208333333333	0.177419354839	0.162162162162	0.238095238095	0.222222222222	0.189189189189	0.245901639344	0.202898550725	0.225806451613	0.189189189189	0.189189189189	0.121621621622	0.162162162162	0.212121212121	0.231884057971	0.180327868852	0.215384615385	0.258064516129	0.188405797101	0.189189189189	0.142857142857	0.162162162162	0.30303030303	0.225806451613	0.25	0.184615384615	1.0	0.212121212121	
0.212121212121	0.257575757576	0.258064516129	0.181818181818	0.460317460317	0.349206349206	0.333333333333	0.245901639344	0.69696969697	0.354838709677	0.242424242424	0.242424242424	0.272727272727	0.272727272727	0.242424242424	0.242424242424	0.16393442623	0.230769230769	0.193548387097	0.257575757576	0.166666666667	0.166666666667	0.287878787879	0.30303030303	0.258064516129	0.333333333333	0.169230769231	0.212121212121	1.0	
Fold g.50 solved.

g.51	1
1.0	
Fold g.51 solved.

g.52	72
1.0	1.0	1.0	0.989795918367	1.0	1.0	0.336734693878	0.336734693878	0.326530612245	0.326530612245	0.336734693878	0.319587628866	0.428571428571	0.428571428571	0.428571428571	0.416666666667	0.489795918367	0.479591836735	0.479591836735	0.479591836735	0.484536082474	0.387755102041	0.397959183673	0.479591836735	0.479591836735	0.479591836735	0.488888888889	0.469387755102	0.469387755102	0.468085106383	0.489130434783	0.469387755102	0.472527472527	0.469387755102	0.469387755102	0.47191011236	1.0	1.0	0.505494505495	0.5	0.787234042553	0.778947368421	1.0	0.494623655914	0.336734693878	0.336734693878	0.336734693878	0.326530612245	0.326530612245	0.479591836735	0.479591836735	0.489583333333	0.479591836735	0.479591836735	0.989795918367	0.484536082474	0.489583333333	0.479591836735	0.448979591837	0.326530612245	0.489795918367	0.948453608247	0.494736842105	0.484536082474	1.0	0.494623655914	0.326530612245	1.0	0.488888888889	0.414893617021	0.489795918367	0.479591836735	
1.0	1.0	1.0	1.0	1.0	1.0	0.360465116279	0.372093023256	0.372093023256	0.383720930233	0.395348837209	0.348837209302	0.441860465116	0.441860465116	0.441860465116	0.441860465116	0.5	0.488372093023	0.5	0.488372093023	0.488372093023	0.43023255814	0.43023255814	0.488372093023	0.488372093023	0.488372093023	0.511627906977	0.511627906977	0.511627906977	0.511627906977	0.511627906977	0.476744186047	0.46511627907	0.476744186047	0.476744186047	0.46511627907	1.0	1.0	0.488372093023	0.488372093023	0.802325581395	0.802325581395	1.0	0.488372093023	0.360465116279	0.360465116279	0.360465116279	0.360465116279	0.360465116279	0.5	0.488372093023	0.488372093023	0.488372093023	0.488372093023	1.0	0.488372093023	0.488372093023	0.488372093023	0.488372093023	0.372093023256	0.488372093023	1.0	0.488372093023	0.488372093023	1.0	0.511627906977	0.360465116279	1.0	0.46511627907	0.441860465116	0.488372093023	0.488372093023	
1.0	1.0	1.0	0.990099009901	1.0	1.0	0.346534653465	0.346534653465	0.346534653465	0.326732673267	0.336633663366	0.298969072165	0.415841584158	0.415841584158	0.415841584158	0.416666666667	0.485148514851	0.475247524752	0.484848484848	0.489795918367	0.484536082474	0.366336633663	0.386138613861	0.475247524752	0.475247524752	0.48	0.488888888889	0.464646464646	0.465346534653	0.478723404255	0.489130434783	0.455445544554	0.472527472527	0.455445544554	0.455445544554	0.47191011236	1.0	1.0	0.505494505495	0.5	0.787234042553	0.778947368421	1.0	0.505376344086	0.346534653465	0.346534653465	0.346534653465	0.346534653465	0.346534653465	0.475247524752	0.475247524752	0.489583333333	0.479591836735	0.465346534653	1.0	0.494845360825	0.5	0.475247524752	0.425742574257	0.346534653465	0.485148514851	0.979381443299	0.494736842105	0.484536082474	1.0	0.494623655914	0.346534653465	1.0	0.477777777778	0.425531914894	0.485148514851	0.475247524752	
0.989795918367	1.0	0.990099009901	1.0	1.0	0.990099009901	0.346534653465	0.346534653465	0.346534653465	0.316831683168	0.316831683168	0.329896907216	0.435643564356	0.415841584158	0.415841584158	0.416666666667	0.485148514851	0.475247524752	0.484848484848	0.489795918367	0.463917525773	0.366336633663	0.386138613861	0.485148514851	0.475247524752	0.48	0.488888888889	0.464646464646	0.465346534653	0.478723404255	0.489130434783	0.445544554455	0.472527472527	0.445544554455	0.445544554455	0.47191011236	1.0	0.989247311828	0.494505494505	0.5	0.776595744681	0.768421052632	1.0	0.505376344086	0.346534653465	0.346534653465	0.346534653465	0.346534653465	0.346534653465	0.485148514851	0.485148514851	0.489583333333	0.479591836735	0.475247524752	1.0	0.494845360825	0.5	0.475247524752	0.425742574257	0.346534653465	0.475247524752	0.989690721649	0.505263157895	0.484536082474	1.0	0.483870967742	0.346534653465	0.989130434783	0.488888888889	0.414893617021	0.485148514851	0.475247524752	
1.0	1.0	1.0	1.0	1.0	0.990291262136	0.349514563107	0.349514563107	0.339805825243	0.31067961165	0.320388349515	0.319587628866	0.427184466019	0.405940594059	0.421568627451	0.427083333333	0.470588235294	0.466019417476	0.484848484848	0.489795918367	0.484536082474	0.388349514563	0.382352941176	0.485436893204	0.475247524752	0.48	0.5	0.464646464646	0.465346534653	0.489361702128	0.5	0.445544554455	0.472527472527	0.436893203883	0.441176470588	0.47191011236	1.0	1.0	0.494505494505	0.5	0.776595744681	0.768421052632	1.0	0.505376344086	0.349514563107	0.349514563107	0.349514563107	0.349514563107	0.339805825243	0.485436893204	0.485436893204	0.489583333333	0.479591836735	0.47572815534	1.0	0.494845360825	0.489583333333	0.470588235294	0.417475728155	0.349514563107	0.485436893204	0.989690721649	0.494736842105	0.484536082474	1.0	0.494623655914	0.349514563107	1.0	0.488888888889	0.404255319149	0.466019417476	0.470588235294	
1.0	1.0	1.0	0.990099009901	0.990291262136	1.0	0.339805825243	0.339805825243	0.339805825243	0.320388349515	0.330097087379	0.298969072165	0.417475728155	0.425742574257	0.401960784314	0.40625	0.470588235294	0.466019417476	0.484848484848	0.489795918367	0.484536082474	0.378640776699	0.382352941176	0.485436893204	0.475247524752	0.48	0.488888888889	0.464646464646	0.465346534653	0.478723404255	0.489130434783	0.455445544554	0.472527472527	0.446601941748	0.450980392157	0.47191011236	1.0	1.0	0.505494505495	0.5	0.787234042553	0.778947368421	1.0	0.505376344086	0.339805825243	0.339805825243	0.339805825243	0.339805825243	0.349514563107	0.485436893204	0.485436893204	0.489583333333	0.479591836735	0.47572815534	1.0	0.494845360825	0.489583333333	0.470588235294	0.407766990291	0.339805825243	0.47572815534	0.979381443299	0.484210526316	0.484536082474	0.990196078431	0.494623655914	0.339805825243	1.0	0.477777777778	0.436170212766	0.466019417476	0.470588235294	
0.336734693878	0.360465116279	0.346534653465	0.346534653465	0.349514563107	0.339805825243	1.0	1.0	0.992592592593	1.0	0.965811965812	0.309278350515	0.333333333333	0.346534653465	0.343137254902	0.322916666667	0.323529411765	0.339805825243	0.353535353535	0.357142857143	0.350515463918	0.279279279279	0.313725490196	0.321100917431	0.356435643564	0.35	0.388888888889	0.343434343434	0.336633663366	0.340425531915	0.369565217391	0.346534653465	0.362637362637	0.349514563107	0.343137254902	0.370786516854	0.347826086957	0.344086021505	0.373626373626	0.366666666667	0.340425531915	0.357894736842	0.366666666667	0.376344086022	0.992700729927	0.992700729927	0.992700729927	0.992700729927	1.0	0.320754716981	0.326923076923	0.364583333333	0.357142857143	0.330097087379	0.35	0.360824742268	0.34375	0.343137254902	0.339622641509	1.0	0.301724137931	0.360824742268	0.347368421053	0.360824742268	0.343137254902	0.376344086022	0.992700729927	0.336956521739	0.366666666667	0.329787234043	0.317307692308	0.352941176471	
0.336734693878	0.372093023256	0.346534653465	0.346534653465	0.349514563107	0.339805825243	1.0	1.0	0.985185185185	1.0	0.965811965812	0.309278350515	0.333333333333	0.346534653465	0.343137254902	0.322916666667	0.323529411765	0.330097087379	0.353535353535	0.367346938776	0.360824742268	0.279279279279	0.313725490196	0.321100917431	0.356435643564	0.36	0.377777777778	0.353535353535	0.356435643564	0.36170212766	0.391304347826	0.346534653465	0.373626373626	0.349514563107	0.343137254902	0.370786516854	0.347826086957	0.344086021505	0.384615384615	0.388888888889	0.351063829787	0.347368421053	0.366666666667	0.365591397849	0.992592592593	0.992592592593	0.992592592593	0.992592592593	1.0	0.320754716981	0.326923076923	0.364583333333	0.357142857143	0.330097087379	0.35	0.350515463918	0.333333333333	0.333333333333	0.339622641509	1.0	0.293103448276	0.360824742268	0.336842105263	0.360824742268	0.343137254902	0.387096774194	0.992592592593	0.347826086957	0.366666666667	0.329787234043	0.307692307692	0.352941176471	
0.326530612245	0.372093023256	0.346534653465	0.346534653465	0.339805825243	0.339805825243	0.992592592593	0.985185185185	1.0	0.990990990991	0.948717948718	0.309278350515	0.333333333333	0.346534653465	0.343137254902	0.322916666667	0.352941176471	0.330097087379	0.363636363636	0.357142857143	0.350515463918	0.27027027027	0.294117647059	0.311926605505	0.336633663366	0.33	0.366666666667	0.323232323232	0.316831683168	0.31914893617	0.358695652174	0.346534653465	0.362637362637	0.339805825243	0.343137254902	0.370786516854	0.336956521739	0.333333333333	0.384615384615	0.377777777778	0.351063829787	0.357894736842	0.344444444444	0.365591397849	0.985185185185	0.985185185185	0.985185185185	0.985185185185	0.992592592593	0.339622641509	0.336538461538	0.34375	0.336734693878	0.339805825243	0.35	0.350515463918	0.354166666667	0.343137254902	0.339622641509	0.992592592593	0.310344827586	0.360824742268	0.368421052632	0.340206185567	0.343137254902	0.365591397849	0.985185185185	0.347826086957	0.366666666667	0.329787234043	0.346153846154	0.333333333333	
0.326530612245	0.383720930233	0.326732673267	0.316831683168	0.31067961165	0.320388349515	1.0	1.0	0.990990990991	1.0	1.0	0.288659793814	0.314285714286	0.326732673267	0.323529411765	0.322916666667	0.333333333333	0.339805825243	0.343434343434	0.34693877551	0.340206185567	0.261261261261	0.294117647059	0.293577981651	0.306930693069	0.34	0.366666666667	0.333333333333	0.316831683168	0.340425531915	0.391304347826	0.326732673267	0.351648351648	0.31067961165	0.313725490196	0.348314606742	0.315217391304	0.311827956989	0.362637362637	0.377777777778	0.340425531915	0.336842105263	0.322222222222	0.354838709677	0.990990990991	0.990990990991	0.990990990991	0.990990990991	1.0	0.320754716981	0.298076923077	0.34375	0.34693877551	0.330097087379	0.33	0.329896907216	0.34375	0.333333333333	0.339622641509	1.0	0.315315315315	0.340206185567	0.336842105263	0.350515463918	0.313725490196	0.376344086022	0.990990990991	0.358695652174	0.344444444444	0.31914893617	0.336538461538	0.313725490196	
0.336734693878	0.395348837209	0.336633663366	0.316831683168	0.320388349515	0.330097087379	0.965811965812	0.965811965812	0.948717948718	1.0	1.0	0.288659793814	0.32380952381	0.336633663366	0.333333333333	0.333333333333	0.343137254902	0.339805825243	0.353535353535	0.357142857143	0.350515463918	0.279279279279	0.313725490196	0.302752293578	0.326732673267	0.34	0.366666666667	0.353535353535	0.336633663366	0.340425531915	0.391304347826	0.336633663366	0.373626373626	0.320388349515	0.333333333333	0.370786516854	0.315217391304	0.322580645161	0.373626373626	0.388888888889	0.351063829787	0.347368421053	0.322222222222	0.365591397849	0.957264957265	0.957264957265	0.957264957265	0.957264957265	0.974358974359	0.330188679245	0.307692307692	0.34375	0.34693877551	0.339805825243	0.33	0.350515463918	0.354166666667	0.352941176471	0.358490566038	0.965811965812	0.318965517241	0.350515463918	0.347368421053	0.350515463918	0.323529411765	0.376344086022	0.957264957265	0.369565217391	0.366666666667	0.329787234043	0.346153846154	0.323529411765	
0.319587628866	0.348837209302	0.298969072165	0.329896907216	0.319587628866	0.298969072165	0.309278350515	0.309278350515	0.309278350515	0.288659793814	0.288659793814	1.0	0.309278350515	0.309278350515	0.319587628866	0.302083333333	0.350515463918	0.340206185567	0.340206185567	0.329896907216	0.319587628866	0.371134020619	0.360824742268	0.360824742268	0.360824742268	0.340206185567	0.366666666667	0.319587628866	0.319587628866	0.329787234043	0.358695652174	0.319587628866	0.318681318681	0.329896907216	0.319587628866	0.325842696629	0.336956521739	0.322580645161	0.32967032967	0.333333333333	0.31914893617	0.315789473684	0.344444444444	0.322580645161	0.309278350515	0.309278350515	0.309278350515	0.319587628866	0.329896907216	0.360824742268	0.350515463918	0.333333333333	0.329896907216	0.340206185567	0.309278350515	0.319587628866	0.322916666667	0.350515463918	0.329896907216	0.309278350515	0.350515463918	0.319587628866	0.326315789474	0.329896907216	0.319587628866	0.354838709677	0.319587628866	0.326086956522	0.322222222222	0.297872340426	0.340206185567	0.340206185567	
0.428571428571	0.441860465116	0.415841584158	0.435643564356	0.427184466019	0.417475728155	0.333333333333	0.333333333333	0.333333333333	0.314285714286	0.32380952381	0.309278350515	1.0	1.0	1.0	1.0	0.421568627451	0.427184466019	0.434343434343	0.438775510204	0.412371134021	0.342857142857	0.333333333333	0.409523809524	0.415841584158	0.44	0.455555555556	0.393939393939	0.386138613861	0.425531914894	0.445652173913	0.366336633663	0.406593406593	0.368932038835	0.362745098039	0.415730337079	0.434782608696	0.41935483871	0.43956043956	0.444444444444	0.393617021277	0.410526315789	0.433333333333	0.440860215054	0.333333333333	0.333333333333	0.333333333333	0.333333333333	0.333333333333	0.419047619048	0.423076923077	0.4375	0.448979591837	0.427184466019	0.43	0.422680412371	0.427083333333	0.421568627451	0.333333333333	0.333333333333	0.419047619048	0.422680412371	0.431578947368	0.443298969072	0.421568627451	0.440860215054	0.333333333333	0.423913043478	0.411111111111	1.0	0.413461538462	0.411764705882	
0.428571428571	0.441860465116	0.415841584158	0.415841584158	0.405940594059	0.425742574257	0.346534653465	0.346534653465	0.346534653465	0.326732673267	0.336633663366	0.309278350515	1.0	1.0	1.0	0.989583333333	0.415841584158	0.415841584158	0.424242424242	0.428571428571	0.412371134021	0.346534653465	0.336633663366	0.425742574257	0.415841584158	0.42	0.444444444444	0.383838383838	0.386138613861	0.414893617021	0.434782608696	0.376237623762	0.406593406593	0.376237623762	0.376237623762	0.415730337079	0.423913043478	0.41935483871	0.43956043956	0.444444444444	0.404255319149	0.410526315789	0.433333333333	0.440860215054	0.346534653465	0.346534653465	0.346534653465	0.326732673267	0.336633663366	0.425742574257	0.435643564356	0.4375	0.428571428571	0.425742574257	0.42	0.422680412371	0.427083333333	0.415841584158	0.376237623762	0.346534653465	0.415841584158	0.422680412371	0.421052631579	0.432989690722	0.415841584158	0.430107526882	0.326732673267	0.423913043478	0.411111111111	1.0	0.415841584158	0.415841584158	
0.428571428571	0.441860465116	0.415841584158	0.415841584158	0.421568627451	0.401960784314	0.343137254902	0.343137254902	0.343137254902	0.323529411765	0.333333333333	0.319587628866	1.0	1.0	1.0	1.0	0.411764705882	0.411764705882	0.424242424242	0.428571428571	0.412371134021	0.343137254902	0.333333333333	0.421568627451	0.425742574257	0.42	0.444444444444	0.383838383838	0.386138613861	0.414893617021	0.434782608696	0.376237623762	0.417582417582	0.372549019608	0.382352941176	0.426966292135	0.423913043478	0.41935483871	0.43956043956	0.444444444444	0.404255319149	0.410526315789	0.444444444444	0.440860215054	0.343137254902	0.343137254902	0.343137254902	0.323529411765	0.323529411765	0.421568627451	0.43137254902	0.4375	0.428571428571	0.421568627451	0.42	0.432989690722	0.427083333333	0.421568627451	0.362745098039	0.343137254902	0.421568627451	0.422680412371	0.421052631579	0.432989690722	0.411764705882	0.430107526882	0.323529411765	0.423913043478	0.422222222222	1.0	0.411764705882	0.411764705882	
0.416666666667	0.441860465116	0.416666666667	0.416666666667	0.427083333333	0.40625	0.322916666667	0.322916666667	0.322916666667	0.322916666667	0.333333333333	0.302083333333	1.0	0.989583333333	1.0	1.0	0.416666666667	0.416666666667	0.416666666667	0.427083333333	0.416666666667	0.364583333333	0.34375	0.427083333333	0.427083333333	0.427083333333	0.444444444444	0.395833333333	0.395833333333	0.404255319149	0.434782608696	0.385416666667	0.417582417582	0.385416666667	0.395833333333	0.426966292135	0.423913043478	0.41935483871	0.43956043956	0.444444444444	0.404255319149	0.410526315789	0.444444444444	0.430107526882	0.322916666667	0.322916666667	0.322916666667	0.322916666667	0.322916666667	0.427083333333	0.427083333333	0.416666666667	0.416666666667	0.427083333333	0.416666666667	0.427083333333	0.416666666667	0.427083333333	0.375	0.322916666667	0.427083333333	0.395833333333	0.421052631579	0.416666666667	0.416666666667	0.430107526882	0.322916666667	0.423913043478	0.422222222222	1.0	0.416666666667	0.416666666667	
0.489795918367	0.5	0.485148514851	0.485148514851	0.470588235294	0.470588235294	0.323529411765	0.323529411765	0.352941176471	0.333333333333	0.343137254902	0.350515463918	0.421568627451	0.415841584158	0.411764705882	0.416666666667	1.0	0.990196078431	1.0	1.0	0.969072164948	0.333333333333	0.323529411765	1.0	0.990099009901	1.0	0.533333333333	0.424242424242	0.415841584158	0.446808510638	0.54347826087	0.80198019802	0.846153846154	0.813725490196	0.803921568627	0.842696629213	0.489130434783	0.483870967742	1.0	1.0	0.521276595745	0.505263157895	0.488888888889	1.0	0.323529411765	0.323529411765	0.323529411765	0.323529411765	0.343137254902	1.0	0.980392156863	1.0	1.0	0.970588235294	0.49	0.989690721649	1.0	0.980392156863	0.333333333333	0.333333333333	1.0	0.474226804124	1.0	1.0	0.480392156863	0.548387096774	0.323529411765	0.5	0.844444444444	0.425531914894	1.0	0.970588235294	
0.479591836735	0.488372093023	0.475247524752	0.475247524752	0.466019417476	0.466019417476	0.339805825243	0.330097087379	0.330097087379	0.339805825243	0.339805825243	0.340206185567	0.427184466019	0.415841584158	0.411764705882	0.416666666667	0.990196078431	1.0	1.0	1.0	0.958762886598	0.330097087379	0.333333333333	1.0	1.0	1.0	0.533333333333	0.434343434343	0.415841584158	0.446808510638	0.54347826087	0.821782178218	0.846153846154	0.825242718447	0.823529411765	0.842696629213	0.478260869565	0.47311827957	1.0	1.0	0.5	0.494736842105	0.488888888889	1.0	0.339805825243	0.339805825243	0.339805825243	0.349514563107	0.349514563107	0.980582524272	0.961165048544	1.0	1.0	0.95145631068	0.48	0.979381443299	0.989583333333	1.0	0.349514563107	0.349514563107	1.0	0.484536082474	0.989473684211	1.0	0.470588235294	0.548387096774	0.349514563107	0.478260869565	0.844444444444	0.425531914894	1.0	0.990196078431	
0.479591836735	0.5	0.484848484848	0.484848484848	0.484848484848	0.484848484848	0.353535353535	0.353535353535	0.363636363636	0.343434343434	0.353535353535	0.340206185567	0.434343434343	0.424242424242	0.424242424242	0.416666666667	1.0	1.0	1.0	1.0	0.938144329897	0.333333333333	0.323232323232	1.0	1.0	0.989898989899	0.533333333333	0.424242424242	0.424242424242	0.446808510638	0.54347826087	0.818181818182	0.835164835165	0.818181818182	0.818181818182	0.831460674157	0.478260869565	0.47311827957	1.0	1.0	0.521276595745	0.505263157895	0.488888888889	1.0	0.353535353535	0.353535353535	0.353535353535	0.353535353535	0.353535353535	1.0	0.979797979798	0.979166666667	0.979591836735	0.969696969697	0.484848484848	0.958762886598	0.96875	1.0	0.333333333333	0.363636363636	1.0	0.474226804124	0.968421052632	0.979381443299	0.484848484848	0.548387096774	0.353535353535	0.489130434783	0.833333333333	0.425531914894	1.0	1.0	
0.479591836735	0.488372093023	0.489795918367	0.489795918367	0.489795918367	0.489795918367	0.357142857143	0.367346938776	0.357142857143	0.34693877551	0.357142857143	0.329896907216	0.438775510204	0.428571428571	0.428571428571	0.427083333333	1.0	1.0	1.0	1.0	0.938144329897	0.336734693878	0.336734693878	1.0	1.0	1.0	0.533333333333	0.428571428571	0.428571428571	0.446808510638	0.54347826087	0.826530612245	0.835164835165	0.826530612245	0.826530612245	0.831460674157	0.478260869565	0.47311827957	1.0	1.0	0.510638297872	0.505263157895	0.488888888889	1.0	0.357142857143	0.357142857143	0.357142857143	0.357142857143	0.357142857143	1.0	0.989795918367	0.979166666667	0.979591836735	0.979591836735	0.489795918367	0.958762886598	0.96875	1.0	0.336734693878	0.357142857143	1.0	0.474226804124	0.968421052632	0.979381443299	0.489795918367	0.548387096774	0.357142857143	0.478260869565	0.833333333333	0.425531914894	1.0	1.0	
0.484536082474	0.488372093023	0.484536082474	0.463917525773	0.484536082474	0.484536082474	0.350515463918	0.360824742268	0.350515463918	0.340206185567	0.350515463918	0.319587628866	0.412371134021	0.412371134021	0.412371134021	0.416666666667	0.969072164948	0.958762886598	0.938144329897	0.938144329897	1.0	0.371134020619	0.340206185567	1.0	0.948453608247	0.958762886598	0.533333333333	0.412371134021	0.422680412371	0.436170212766	0.54347826087	0.783505154639	0.846153846154	0.80412371134	0.79381443299	0.842696629213	0.478260869565	0.483870967742	1.0	1.0	0.510638297872	0.505263157895	0.488888888889	0.978494623656	0.350515463918	0.350515463918	0.350515463918	0.340206185567	0.340206185567	1.0	1.0	0.96875	0.958762886598	1.0	0.474226804124	0.979381443299	0.979166666667	0.948453608247	0.381443298969	0.360824742268	1.0	0.443298969072	0.989473684211	0.958762886598	0.474226804124	0.548387096774	0.340206185567	0.489130434783	0.844444444444	0.425531914894	0.969072164948	0.938144329897	
0.387755102041	0.43023255814	0.366336633663	0.366336633663	0.388349514563	0.378640776699	0.279279279279	0.279279279279	0.27027027027	0.261261261261	0.279279279279	0.371134020619	0.342857142857	0.346534653465	0.343137254902	0.364583333333	0.333333333333	0.330097087379	0.333333333333	0.336734693878	0.371134020619	1.0	1.0	0.321100917431	0.326732673267	0.34	0.455555555556	0.434343434343	0.425742574257	0.425531914894	0.423913043478	0.356435643564	0.395604395604	0.359223300971	0.352941176471	0.404494382022	0.391304347826	0.397849462366	0.362637362637	0.366666666667	0.382978723404	0.378947368421	0.4	0.354838709677	0.27027027027	0.279279279279	0.279279279279	0.279279279279	0.279279279279	0.330188679245	0.336538461538	0.354166666667	0.34693877551	0.339805825243	0.36	0.350515463918	0.354166666667	0.323529411765	0.38679245283	0.279279279279	0.333333333333	0.39175257732	0.357894736842	0.350515463918	0.372549019608	0.430107526882	0.279279279279	0.402173913043	0.4	0.372340425532	0.326923076923	0.323529411765	
