b.4	8
1.0	0.2125	0.175	0.4	0.2	0.2375	0.4	0.3875	
0.2125	1.0	0.325	0.21686746988	0.322222222222	0.355555555556	0.190476190476	0.197530864198	
0.175	0.325	1.0	0.2125	0.325	0.4125	0.275	0.275	
0.4	0.21686746988	0.2125	1.0	0.228915662651	0.253012048193	0.421686746988	0.444444444444	
0.2	0.322222222222	0.325	0.228915662651	1.0	0.377777777778	0.214285714286	0.234567901235	
0.2375	0.355555555556	0.4125	0.253012048193	0.377777777778	1.0	0.238095238095	0.234567901235	
0.4	0.190476190476	0.275	0.421686746988	0.214285714286	0.238095238095	1.0	1.0	
0.3875	0.197530864198	0.275	0.444444444444	0.234567901235	0.234567901235	1.0	1.0	
Fold b.4 solved.

c.149	3
1.0	0.25	0.303797468354	
0.25	1.0	0.367088607595	
0.303797468354	0.367088607595	1.0	
Fold c.149 solved.

g.89	1
1.0	
Fold g.89 solved.

g.88	2
1.0	0.166666666667	
0.166666666667	1.0	
Fold g.88 solved.

g.86	5
1.0	1.0	1.0	1.0	0.983193277311	
1.0	1.0	1.0	0.983606557377	0.991596638655	
1.0	1.0	1.0	1.0	0.991596638655	
1.0	0.983606557377	1.0	1.0	0.991596638655	
0.983193277311	0.991596638655	0.991596638655	0.991596638655	1.0	
Fold g.86 solved.

g.83	3
1.0	0.261538461538	0.384615384615	
0.261538461538	1.0	0.173913043478	
0.384615384615	0.173913043478	1.0	
Fold g.83 solved.

g.80	3
1.0	0.27868852459	0.262295081967	
0.27868852459	1.0	0.459016393443	
0.262295081967	0.459016393443	1.0	
Fold g.80 solved.

d.11	3
1.0	1.0	1.0	
1.0	1.0	1.0	
1.0	1.0	1.0	
Fold d.11 solved.

d.10	9
1.0	0.285714285714	0.190476190476	0.222222222222	0.206349206349	0.285714285714	0.238095238095	0.222222222222	0.269841269841	
0.285714285714	1.0	0.514285714286	0.442857142857	0.550724637681	0.555555555556	0.571428571429	0.30985915493	0.989130434783	
0.190476190476	0.514285714286	1.0	0.714285714286	0.420289855072	0.428571428571	0.444444444444	0.2	0.5	
0.222222222222	0.442857142857	0.714285714286	1.0	0.434782608696	0.444444444444	0.444444444444	0.2	0.442857142857	
0.206349206349	0.550724637681	0.420289855072	0.434782608696	1.0	0.873015873016	0.873015873016	0.188405797101	0.536231884058	
0.285714285714	0.555555555556	0.428571428571	0.444444444444	0.873015873016	1.0	0.968253968254	0.222222222222	0.555555555556	
0.238095238095	0.571428571429	0.444444444444	0.444444444444	0.873015873016	0.968253968254	1.0	0.238095238095	0.555555555556	
0.222222222222	0.30985915493	0.2	0.2	0.188405797101	0.222222222222	0.238095238095	1.0	0.30985915493	
0.269841269841	0.989130434783	0.5	0.442857142857	0.536231884058	0.555555555556	0.555555555556	0.30985915493	1.0	
Fold d.10 solved.

d.13	51
1.0	0.993150684932	0.993150684932	0.263157894737	0.256637168142	0.261261261261	0.260869565217	0.260869565217	0.260869565217	0.244604316547	0.241134751773	0.223021582734	0.241134751773	0.246376811594	0.27027027027	0.275229357798	0.256637168142	0.234042553191	0.277227722772	0.267857142857	0.267857142857	0.265486725664	0.252173913043	0.258928571429	0.264705882353	0.256637168142	0.252173913043	0.265486725664	0.171232876712	0.301724137931	0.261261261261	0.239316239316	0.24347826087	0.226890756303	0.236842105263	0.234782608696	0.343137254902	0.253424657534	0.228813559322	0.258620689655	0.27	0.253731343284	0.230769230769	0.336633663366	0.272727272727	0.253521126761	0.285714285714	0.35	0.266055045872	0.260869565217	0.239130434783	
0.993150684932	1.0	0.986301369863	0.263157894737	0.256637168142	0.261261261261	0.260869565217	0.260869565217	0.260869565217	0.237410071942	0.248226950355	0.244604316547	0.234042553191	0.224637681159	0.27027027027	0.275229357798	0.265486725664	0.262411347518	0.267326732673	0.267857142857	0.267857142857	0.265486725664	0.252173913043	0.258928571429	0.274509803922	0.256637168142	0.252173913043	0.265486725664	0.164383561644	0.318965517241	0.279279279279	0.239316239316	0.24347826087	0.243697478992	0.236842105263	0.226086956522	0.343137254902	0.253424657534	0.237288135593	0.258620689655	0.27	0.276119402985	0.230769230769	0.336633663366	0.272727272727	0.239436619718	0.303571428571	0.35	0.275229357798	0.260869565217	0.246376811594	
0.993150684932	0.986301369863	1.0	0.254385964912	0.265486725664	0.27027027027	0.252173913043	0.252173913043	0.252173913043	0.237410071942	0.234042553191	0.215827338129	0.234042553191	0.239130434783	0.261261261261	0.266055045872	0.247787610619	0.22695035461	0.267326732673	0.258928571429	0.258928571429	0.256637168142	0.260869565217	0.267857142857	0.254901960784	0.247787610619	0.24347826087	0.256637168142	0.171232876712	0.293103448276	0.252252252252	0.230769230769	0.234782608696	0.218487394958	0.236842105263	0.234782608696	0.333333333333	0.246575342466	0.220338983051	0.25	0.26	0.246268656716	0.230769230769	0.326732673267	0.262626262626	0.246478873239	0.276785714286	0.34	0.256880733945	0.252173913043	0.231884057971	
0.263157894737	0.263157894737	0.254385964912	1.0	0.991150442478	0.990990990991	0.956140350877	0.947368421053	0.947368421053	0.271929824561	0.271929824561	0.385964912281	0.385964912281	0.385964912281	1.0	1.0	0.398230088496	0.333333333333	0.60396039604	0.589285714286	1.0	1.0	0.991228070175	0.991071428571	0.607843137255	0.991150442478	0.991228070175	0.58407079646	0.271929824561	0.421052631579	0.441441441441	0.464912280702	0.464912280702	0.464912280702	0.456140350877	0.456140350877	0.421568627451	0.324561403509	0.464912280702	0.605263157895	0.61	0.315789473684	0.456140350877	0.425742574257	0.616161616162	0.342105263158	0.428571428571	0.43	0.449541284404	1.0	0.385964912281	
0.256637168142	0.256637168142	0.265486725664	0.991150442478	1.0	1.0	0.946902654867	0.938053097345	0.938053097345	0.265486725664	0.265486725664	0.380530973451	0.380530973451	0.380530973451	0.990990990991	0.990825688073	0.389380530973	0.336283185841	0.594059405941	0.580357142857	0.991071428571	0.991150442478	1.0	1.0	0.598039215686	0.982300884956	0.982300884956	0.575221238938	0.265486725664	0.41592920354	0.432432432432	0.46017699115	0.46017699115	0.46017699115	0.46017699115	0.46017699115	0.411764705882	0.318584070796	0.46017699115	0.58407079646	0.6	0.309734513274	0.46017699115	0.415841584158	0.606060606061	0.327433628319	0.419642857143	0.42	0.440366972477	0.991150442478	0.371681415929	
0.261261261261	0.261261261261	0.27027027027	0.990990990991	1.0	1.0	0.945945945946	0.936936936937	0.936936936937	0.27027027027	0.279279279279	0.387387387387	0.387387387387	0.387387387387	0.990990990991	0.990825688073	0.396396396396	0.333333333333	0.594059405941	0.585585585586	0.990990990991	0.990990990991	1.0	1.0	0.598039215686	0.981981981982	0.981981981982	0.585585585586	0.252252252252	0.423423423423	0.441441441441	0.468468468468	0.468468468468	0.468468468468	0.468468468468	0.468468468468	0.411764705882	0.333333333333	0.468468468468	0.585585585586	0.6	0.315315315315	0.468468468468	0.415841584158	0.606060606061	0.342342342342	0.423423423423	0.42	0.440366972477	0.990990990991	0.378378378378	
0.260869565217	0.260869565217	0.252173913043	0.956140350877	0.946902654867	0.945945945946	1.0	0.991304347826	0.991304347826	0.24347826087	0.24347826087	0.365217391304	0.365217391304	0.365217391304	0.954954954955	0.954128440367	0.389380530973	0.339130434783	0.613861386139	0.607142857143	0.955357142857	0.955752212389	0.947826086957	0.946428571429	0.617647058824	0.946902654867	0.947826086957	0.592920353982	0.269565217391	0.417391304348	0.441441441441	0.460869565217	0.460869565217	0.460869565217	0.456140350877	0.452173913043	0.382352941176	0.330434782609	0.460869565217	0.608695652174	0.62	0.313043478261	0.452173913043	0.386138613861	0.626262626263	0.339130434783	0.419642857143	0.39	0.449541284404	0.95652173913	0.4	
0.260869565217	0.260869565217	0.252173913043	0.947368421053	0.938053097345	0.936936936937	0.991304347826	1.0	0.982608695652	0.24347826087	0.24347826087	0.373913043478	0.373913043478	0.373913043478	0.945945945946	0.94495412844	0.389380530973	0.339130434783	0.613861386139	0.607142857143	0.946428571429	0.946902654867	0.939130434783	0.9375	0.617647058824	0.938053097345	0.939130434783	0.592920353982	0.269565217391	0.417391304348	0.432432432432	0.460869565217	0.460869565217	0.460869565217	0.456140350877	0.452173913043	0.382352941176	0.330434782609	0.460869565217	0.608695652174	0.62	0.321739130435	0.452173913043	0.386138613861	0.626262626263	0.339130434783	0.419642857143	0.39	0.440366972477	0.947826086957	0.408695652174	
0.260869565217	0.260869565217	0.252173913043	0.947368421053	0.938053097345	0.936936936937	0.991304347826	0.982608695652	1.0	0.234782608696	0.234782608696	0.365217391304	0.365217391304	0.365217391304	0.945945945946	0.94495412844	0.389380530973	0.339130434783	0.60396039604	0.598214285714	0.946428571429	0.946902654867	0.939130434783	0.9375	0.607843137255	0.938053097345	0.939130434783	0.58407079646	0.269565217391	0.417391304348	0.441441441441	0.460869565217	0.460869565217	0.460869565217	0.456140350877	0.452173913043	0.382352941176	0.330434782609	0.460869565217	0.6	0.61	0.313043478261	0.452173913043	0.386138613861	0.616161616162	0.339130434783	0.419642857143	0.39	0.449541284404	0.947826086957	0.4	
0.244604316547	0.237410071942	0.237410071942	0.271929824561	0.265486725664	0.27027027027	0.24347826087	0.24347826087	0.234782608696	1.0	1.0	0.237410071942	0.237410071942	0.231884057971	0.279279279279	0.293577981651	0.185840707965	0.258992805755	0.247524752475	0.232142857143	0.285714285714	0.274336283186	0.260869565217	0.276785714286	0.235294117647	0.265486725664	0.260869565217	0.230088495575	0.194244604317	0.224137931034	0.207207207207	0.205128205128	0.2	0.201680672269	0.19298245614	0.2	0.21568627451	0.244604316547	0.203389830508	0.224137931034	0.24	0.276119402985	0.196581196581	0.207920792079	0.242424242424	0.258992805755	0.223214285714	0.22	0.211009174312	0.269565217391	0.246376811594	
0.241134751773	0.248226950355	0.234042553191	0.271929824561	0.265486725664	0.279279279279	0.24347826087	0.24347826087	0.234782608696	1.0	1.0	0.230215827338	0.234042553191	0.231884057971	0.288288288288	0.293577981651	0.185840707965	0.269503546099	0.237623762376	0.223214285714	0.276785714286	0.274336283186	0.260869565217	0.267857142857	0.245098039216	0.265486725664	0.260869565217	0.230088495575	0.184397163121	0.23275862069	0.216216216216	0.213675213675	0.2	0.210084033613	0.175438596491	0.182608695652	0.21568627451	0.241134751773	0.203389830508	0.224137931034	0.24	0.283582089552	0.196581196581	0.227722772277	0.242424242424	0.269503546099	0.232142857143	0.21	0.211009174312	0.269565217391	0.260869565217	
0.223021582734	0.244604316547	0.215827338129	0.385964912281	0.380530973451	0.387387387387	0.365217391304	0.373913043478	0.365217391304	0.237410071942	0.230215827338	1.0	1.0	1.0	0.396396396396	0.403669724771	0.41592920354	0.661870503597	0.277227722772	0.276785714286	0.392857142857	0.389380530973	0.373913043478	0.383928571429	0.274509803922	0.380530973451	0.373913043478	0.274336283186	0.201438848921	0.413793103448	0.423423423423	0.358974358974	0.373913043478	0.352941176471	0.368421052632	0.35652173913	0.441176470588	0.374100719424	0.35593220339	0.26724137931	0.28	0.365671641791	0.350427350427	0.425742574257	0.282828282828	0.661870503597	0.401785714286	0.44	0.43119266055	0.382608695652	0.347826086957	
0.241134751773	0.234042553191	0.234042553191	0.385964912281	0.380530973451	0.387387387387	0.365217391304	0.373913043478	0.365217391304	0.237410071942	0.234042553191	1.0	1.0	1.0	0.396396396396	0.403669724771	0.424778761062	0.652482269504	0.277227722772	0.276785714286	0.392857142857	0.389380530973	0.373913043478	0.383928571429	0.274509803922	0.380530973451	0.373913043478	0.274336283186	0.191489361702	0.413793103448	0.423423423423	0.367521367521	0.35652173913	0.361344537815	0.350877192982	0.365217391304	0.43137254902	0.368794326241	0.364406779661	0.26724137931	0.28	0.373134328358	0.358974358974	0.435643564356	0.282828282828	0.652482269504	0.401785714286	0.43	0.43119266055	0.382608695652	0.36231884058	
0.246376811594	0.224637681159	0.239130434783	0.385964912281	0.380530973451	0.387387387387	0.365217391304	0.373913043478	0.365217391304	0.231884057971	0.231884057971	1.0	1.0	1.0	0.396396396396	0.403669724771	0.433628318584	0.666666666667	0.277227722772	0.276785714286	0.392857142857	0.389380530973	0.373913043478	0.383928571429	0.274509803922	0.380530973451	0.373913043478	0.274336283186	0.195652173913	0.413793103448	0.423423423423	0.358974358974	0.365217391304	0.36974789916	0.359649122807	0.35652173913	0.441176470588	0.384057971014	0.372881355932	0.26724137931	0.28	0.350746268657	0.350427350427	0.425742574257	0.282828282828	0.666666666667	0.419642857143	0.44	0.43119266055	0.382608695652	0.376811594203	
0.27027027027	0.27027027027	0.261261261261	1.0	0.990990990991	0.990990990991	0.954954954955	0.945945945946	0.945945945946	0.279279279279	0.288288288288	0.396396396396	0.396396396396	0.396396396396	1.0	1.0	0.405405405405	0.342342342342	0.60396039604	0.594594594595	1.0	1.0	0.990990990991	0.990990990991	0.607843137255	0.990990990991	0.990990990991	0.594594594595	0.252252252252	0.432432432432	0.45045045045	0.477477477477	0.477477477477	0.477477477477	0.468468468468	0.468468468468	0.421568627451	0.342342342342	0.477477477477	0.594594594595	0.61	0.324324324324	0.468468468468	0.425742574257	0.616161616162	0.351351351351	0.432432432432	0.43	0.449541284404	1.0	0.387387387387	
0.275229357798	0.275229357798	0.266055045872	1.0	0.990825688073	0.990825688073	0.954128440367	0.94495412844	0.94495412844	0.293577981651	0.293577981651	0.403669724771	0.403669724771	0.403669724771	1.0	1.0	0.412844036697	0.348623853211	0.60396039604	0.596330275229	1.0	1.0	0.990825688073	0.990825688073	0.607843137255	0.990825688073	0.990825688073	0.596330275229	0.266055045872	0.43119266055	0.449541284404	0.477064220183	0.477064220183	0.477064220183	0.467889908257	0.467889908257	0.421568627451	0.339449541284	0.477064220183	0.596330275229	0.61	0.330275229358	0.467889908257	0.425742574257	0.616161616162	0.348623853211	0.43119266055	0.43	0.449541284404	1.0	0.394495412844	
0.256637168142	0.265486725664	0.247787610619	0.398230088496	0.389380530973	0.396396396396	0.389380530973	0.389380530973	0.389380530973	0.185840707965	0.185840707965	0.41592920354	0.424778761062	0.433628318584	0.405405405405	0.412844036697	1.0	0.371681415929	0.376237623762	0.357142857143	0.401785714286	0.398230088496	0.389380530973	0.392857142857	0.372549019608	0.389380530973	0.389380530973	0.353982300885	0.194690265487	0.442477876106	0.495495495495	0.477876106195	0.477876106195	0.495575221239	0.469026548673	0.469026548673	0.450980392157	0.41592920354	0.495575221239	0.353982300885	0.38	0.327433628319	0.469026548673	0.455445544554	0.373737373737	0.371681415929	0.446428571429	0.45	0.504587155963	0.398230088496	0.389380530973	
0.234042553191	0.262411347518	0.22695035461	0.333333333333	0.336283185841	0.333333333333	0.339130434783	0.339130434783	0.339130434783	0.258992805755	0.269503546099	0.661870503597	0.652482269504	0.666666666667	0.342342342342	0.348623853211	0.371681415929	1.0	0.316831683168	0.303571428571	0.339285714286	0.345132743363	0.321739130435	0.330357142857	0.323529411765	0.345132743363	0.330434782609	0.309734513274	0.184397163121	0.422413793103	0.423423423423	0.34188034188	0.339130434783	0.327731092437	0.324561403509	0.330434782609	0.470588235294	0.368794326241	0.330508474576	0.301724137931	0.32	0.328358208955	0.324786324786	0.465346534653	0.343434343434	1.0	0.419642857143	0.48	0.422018348624	0.330434782609	0.36231884058	
0.277227722772	0.267326732673	0.267326732673	0.60396039604	0.594059405941	0.594059405941	0.613861386139	0.613861386139	0.60396039604	0.247524752475	0.237623762376	0.277227722772	0.277227722772	0.277227722772	0.60396039604	0.60396039604	0.376237623762	0.316831683168	1.0	1.0	0.60396039604	0.60396039604	0.594059405941	0.594059405941	1.0	0.594059405941	0.594059405941	1.0	0.306930693069	0.356435643564	0.386138613861	0.455445544554	0.455445544554	0.455445544554	0.445544554455	0.445544554455	0.356435643564	0.326732673267	0.455445544554	1.0	1.0	0.267326732673	0.455445544554	0.356435643564	1.0	0.316831683168	0.356435643564	0.36	0.386138613861	0.60396039604	0.326732673267	
0.267857142857	0.267857142857	0.258928571429	0.589285714286	0.580357142857	0.585585585586	0.607142857143	0.607142857143	0.598214285714	0.232142857143	0.223214285714	0.276785714286	0.276785714286	0.276785714286	0.594594594595	0.596330275229	0.357142857143	0.303571428571	1.0	1.0	0.589285714286	0.589285714286	0.589285714286	0.580357142857	1.0	0.580357142857	0.589285714286	1.0	0.321428571429	0.348214285714	0.387387387387	0.455357142857	0.464285714286	0.455357142857	0.446428571429	0.446428571429	0.372549019608	0.3125	0.464285714286	1.0	1.0	0.267857142857	0.464285714286	0.376237623762	1.0	0.303571428571	0.348214285714	0.38	0.394495412844	0.598214285714	0.3125	
0.267857142857	0.267857142857	0.258928571429	1.0	0.991071428571	0.990990990991	0.955357142857	0.946428571429	0.946428571429	0.285714285714	0.276785714286	0.392857142857	0.392857142857	0.392857142857	1.0	1.0	0.401785714286	0.339285714286	0.60396039604	0.589285714286	1.0	1.0	0.991071428571	0.991071428571	0.607843137255	0.991071428571	0.991071428571	0.589285714286	0.258928571429	0.428571428571	0.441441441441	0.473214285714	0.473214285714	0.473214285714	0.464285714286	0.464285714286	0.421568627451	0.330357142857	0.473214285714	0.589285714286	0.61	0.321428571429	0.464285714286	0.425742574257	0.616161616162	0.339285714286	0.428571428571	0.43	0.449541284404	1.0	0.383928571429	
0.265486725664	0.265486725664	0.256637168142	1.0	0.991150442478	0.990990990991	0.955752212389	0.946902654867	0.946902654867	0.274336283186	0.274336283186	0.389380530973	0.389380530973	0.389380530973	1.0	1.0	0.398230088496	0.345132743363	0.60396039604	0.589285714286	1.0	1.0	0.991150442478	0.991071428571	0.607843137255	0.991150442478	0.991150442478	0.58407079646	0.265486725664	0.424778761062	0.441441441441	0.469026548673	0.469026548673	0.469026548673	0.46017699115	0.46017699115	0.421568627451	0.327433628319	0.469026548673	0.592920353982	0.61	0.318584070796	0.46017699115	0.425742574257	0.616161616162	0.336283185841	0.428571428571	0.43	0.449541284404	1.0	0.380530973451	
0.252173913043	0.252173913043	0.260869565217	0.991228070175	1.0	1.0	0.947826086957	0.939130434783	0.939130434783	0.260869565217	0.260869565217	0.373913043478	0.373913043478	0.373913043478	0.990990990991	0.990825688073	0.389380530973	0.321739130435	0.594059405941	0.589285714286	0.991071428571	0.991150442478	1.0	1.0	0.598039215686	0.982300884956	0.982608695652	0.575221238938	0.269565217391	0.408695652174	0.432432432432	0.452173913043	0.452173913043	0.452173913043	0.456140350877	0.452173913043	0.411764705882	0.313043478261	0.452173913043	0.591304347826	0.6	0.304347826087	0.452173913043	0.415841584158	0.606060606061	0.321739130435	0.419642857143	0.42	0.440366972477	0.991304347826	0.365217391304	
0.258928571429	0.258928571429	0.267857142857	0.991071428571	1.0	1.0	0.946428571429	0.9375	0.9375	0.276785714286	0.267857142857	0.383928571429	0.383928571429	0.383928571429	0.990990990991	0.990825688073	0.392857142857	0.330357142857	0.594059405941	0.580357142857	0.991071428571	0.991071428571	1.0	1.0	0.598039215686	0.982142857143	0.982142857143	0.580357142857	0.258928571429	0.419642857143	0.432432432432	0.464285714286	0.464285714286	0.464285714286	0.464285714286	0.464285714286	0.411764705882	0.321428571429	0.464285714286	0.580357142857	0.6	0.3125	0.464285714286	0.415841584158	0.606060606061	0.330357142857	0.419642857143	0.42	0.440366972477	0.991071428571	0.375	
0.264705882353	0.274509803922	0.254901960784	0.607843137255	0.598039215686	0.598039215686	0.617647058824	0.617647058824	0.607843137255	0.235294117647	0.245098039216	0.274509803922	0.274509803922	0.274509803922	0.607843137255	0.607843137255	0.372549019608	0.323529411765	1.0	1.0	0.607843137255	0.607843137255	0.598039215686	0.598039215686	1.0	0.598039215686	0.598039215686	1.0	0.294117647059	0.352941176471	0.392156862745	0.450980392157	0.450980392157	0.450980392157	0.441176470588	0.441176470588	0.352941176471	0.323529411765	0.450980392157	1.0	1.0	0.264705882353	0.450980392157	0.356435643564	1.0	0.323529411765	0.352941176471	0.36	0.392156862745	0.607843137255	0.323529411765	
0.256637168142	0.256637168142	0.247787610619	0.991150442478	0.982300884956	0.981981981982	0.946902654867	0.938053097345	0.938053097345	0.265486725664	0.265486725664	0.380530973451	0.380530973451	0.380530973451	0.990990990991	0.990825688073	0.389380530973	0.345132743363	0.594059405941	0.580357142857	0.991071428571	0.991150442478	0.982300884956	0.982142857143	0.598039215686	1.0	1.0	0.575221238938	0.265486725664	0.41592920354	0.432432432432	0.46017699115	0.46017699115	0.46017699115	0.451327433628	0.451327433628	0.411764705882	0.318584070796	0.46017699115	0.58407079646	0.6	0.309734513274	0.451327433628	0.415841584158	0.606060606061	0.336283185841	0.419642857143	0.42	0.440366972477	0.991150442478	0.371681415929	
0.252173913043	0.252173913043	0.24347826087	0.991228070175	0.982300884956	0.981981981982	0.947826086957	0.939130434783	0.939130434783	0.260869565217	0.260869565217	0.373913043478	0.373913043478	0.373913043478	0.990990990991	0.990825688073	0.389380530973	0.330434782609	0.594059405941	0.589285714286	0.991071428571	0.991150442478	0.982608695652	0.982142857143	0.598039215686	1.0	1.0	0.575221238938	0.269565217391	0.408695652174	0.432432432432	0.452173913043	0.452173913043	0.452173913043	0.447368421053	0.44347826087	0.411764705882	0.313043478261	0.452173913043	0.591304347826	0.6	0.304347826087	0.44347826087	0.415841584158	0.606060606061	0.330434782609	0.419642857143	0.42	0.440366972477	0.991304347826	0.365217391304	
0.265486725664	0.265486725664	0.256637168142	0.58407079646	0.575221238938	0.585585585586	0.592920353982	0.592920353982	0.58407079646	0.230088495575	0.230088495575	0.274336283186	0.274336283186	0.274336283186	0.594594594595	0.596330275229	0.353982300885	0.309734513274	1.0	1.0	0.589285714286	0.58407079646	0.575221238938	0.580357142857	1.0	0.575221238938	0.575221238938	1.0	0.318584070796	0.345132743363	0.387387387387	0.46017699115	0.46017699115	0.46017699115	0.442477876106	0.442477876106	0.372549019608	0.309734513274	0.46017699115	1.0	1.0	0.274336283186	0.46017699115	0.376237623762	1.0	0.309734513274	0.348214285714	0.38	0.394495412844	0.58407079646	0.318584070796	
0.171232876712	0.164383561644	0.171232876712	0.271929824561	0.265486725664	0.252252252252	0.269565217391	0.269565217391	0.269565217391	0.194244604317	0.184397163121	0.201438848921	0.191489361702	0.195652173913	0.252252252252	0.266055045872	0.194690265487	0.184397163121	0.306930693069	0.321428571429	0.258928571429	0.265486725664	0.269565217391	0.258928571429	0.294117647059	0.265486725664	0.269565217391	0.318584070796	1.0	0.224137931034	0.225225225225	0.273504273504	0.278260869565	0.27731092437	0.263157894737	0.260869565217	0.205882352941	0.181208053691	0.279661016949	0.318965517241	0.31	0.186567164179	0.282051282051	0.207920792079	0.313131313131	0.183098591549	0.223214285714	0.21	0.229357798165	0.269565217391	0.239130434783	
0.301724137931	0.318965517241	0.293103448276	0.421052631579	0.41592920354	0.423423423423	0.417391304348	0.417391304348	0.417391304348	0.224137931034	0.23275862069	0.413793103448	0.413793103448	0.413793103448	0.432432432432	0.43119266055	0.442477876106	0.422413793103	0.356435643564	0.348214285714	0.428571428571	0.424778761062	0.408695652174	0.419642857143	0.352941176471	0.41592920354	0.408695652174	0.345132743363	0.224137931034	1.0	0.495495495495	0.396551724138	0.391304347826	0.396551724138	0.385964912281	0.382608695652	0.421568627451	0.318965517241	0.387931034483	0.336206896552	0.36	0.336206896552	0.379310344828	0.425742574257	0.363636363636	0.422413793103	1.0	0.42	0.504587155963	0.417391304348	0.413793103448	
0.261261261261	0.279279279279	0.252252252252	0.441441441441	0.432432432432	0.441441441441	0.441441441441	0.432432432432	0.441441441441	0.207207207207	0.216216216216	0.423423423423	0.423423423423	0.423423423423	0.45045045045	0.449541284404	0.495495495495	0.423423423423	0.386138613861	0.387387387387	0.441441441441	0.441441441441	0.432432432432	0.432432432432	0.392156862745	0.432432432432	0.432432432432	0.387387387387	0.225225225225	0.495495495495	1.0	0.414414414414	0.423423423423	0.432432432432	0.414414414414	0.405405405405	0.470588235294	0.387387387387	0.432432432432	0.387387387387	0.39	0.324324324324	0.414414414414	0.475247524752	0.393939393939	0.423423423423	0.495495495495	0.48	1.0	0.441441441441	0.396396396396	
0.239316239316	0.239316239316	0.230769230769	0.464912280702	0.46017699115	0.468468468468	0.460869565217	0.460869565217	0.460869565217	0.205128205128	0.213675213675	0.358974358974	0.367521367521	0.358974358974	0.477477477477	0.477064220183	0.477876106195	0.34188034188	0.455445544554	0.455357142857	0.473214285714	0.469026548673	0.452173913043	0.464285714286	0.450980392157	0.46017699115	0.452173913043	0.46017699115	0.273504273504	0.396551724138	0.414414414414	1.0	1.0	1.0	0.991228070175	0.991304347826	0.372549019608	0.25641025641	0.991452991453	0.448275862069	0.46	0.367521367521	0.982905982906	0.376237623762	0.464646464646	0.34188034188	0.401785714286	0.37	0.422018348624	0.460869565217	0.410256410256	
0.24347826087	0.24347826087	0.234782608696	0.464912280702	0.46017699115	0.468468468468	0.460869565217	0.460869565217	0.460869565217	0.2	0.2	0.373913043478	0.35652173913	0.365217391304	0.477477477477	0.477064220183	0.477876106195	0.339130434783	0.455445544554	0.464285714286	0.473214285714	0.469026548673	0.452173913043	0.464285714286	0.450980392157	0.46017699115	0.452173913043	0.46017699115	0.278260869565	0.391304347826	0.423423423423	1.0	1.0	1.0	0.991228070175	0.982608695652	0.362745098039	0.260869565217	1.0	0.452173913043	0.46	0.35652173913	0.991304347826	0.366336633663	0.464646464646	0.339130434783	0.392857142857	0.37	0.43119266055	0.460869565217	0.408695652174	
0.226890756303	0.243697478992	0.218487394958	0.464912280702	0.46017699115	0.468468468468	0.460869565217	0.460869565217	0.460869565217	0.201680672269	0.210084033613	0.352941176471	0.361344537815	0.36974789916	0.477477477477	0.477064220183	0.495575221239	0.327731092437	0.455445544554	0.455357142857	0.473214285714	0.469026548673	0.452173913043	0.464285714286	0.450980392157	0.46017699115	0.452173913043	0.46017699115	0.27731092437	0.396551724138	0.432432432432	1.0	1.0	1.0	0.991228070175	0.991304347826	0.372549019608	0.260504201681	1.0	0.448275862069	0.46	0.361344537815	0.991452991453	0.376237623762	0.464646464646	0.327731092437	0.410714285714	0.37	0.440366972477	0.460869565217	0.411764705882	
0.236842105263	0.236842105263	0.236842105263	0.456140350877	0.46017699115	0.468468468468	0.456140350877	0.456140350877	0.456140350877	0.19298245614	0.175438596491	0.368421052632	0.350877192982	0.359649122807	0.468468468468	0.467889908257	0.469026548673	0.324561403509	0.445544554455	0.446428571429	0.464285714286	0.46017699115	0.456140350877	0.464285714286	0.441176470588	0.451327433628	0.447368421053	0.442477876106	0.263157894737	0.385964912281	0.414414414414	0.991228070175	0.991228070175	0.991228070175	1.0	1.0	0.352941176471	0.254385964912	0.991228070175	0.438596491228	0.45	0.350877192982	1.0	0.356435643564	0.454545454545	0.324561403509	0.383928571429	0.36	0.422018348624	0.456140350877	0.40350877193	
0.234782608696	0.226086956522	0.234782608696	0.456140350877	0.46017699115	0.468468468468	0.452173913043	0.452173913043	0.452173913043	0.2	0.182608695652	0.35652173913	0.365217391304	0.35652173913	0.468468468468	0.467889908257	0.469026548673	0.330434782609	0.445544554455	0.446428571429	0.464285714286	0.46017699115	0.452173913043	0.464285714286	0.441176470588	0.451327433628	0.44347826087	0.442477876106	0.260869565217	0.382608695652	0.405405405405	0.991304347826	0.982608695652	0.991304347826	1.0	1.0	0.352941176471	0.252173913043	0.991304347826	0.434782608696	0.45	0.347826086957	1.0	0.356435643564	0.454545454545	0.330434782609	0.383928571429	0.36	0.412844036697	0.452173913043	0.4	
0.343137254902	0.343137254902	0.333333333333	0.421568627451	0.411764705882	0.411764705882	0.382352941176	0.382352941176	0.382352941176	0.21568627451	0.21568627451	0.441176470588	0.43137254902	0.441176470588	0.421568627451	0.421568627451	0.450980392157	0.470588235294	0.356435643564	0.372549019608	0.421568627451	0.421568627451	0.411764705882	0.411764705882	0.352941176471	0.411764705882	0.411764705882	0.372549019608	0.205882352941	0.421568627451	0.470588235294	0.372549019608	0.362745098039	0.372549019608	0.352941176471	0.352941176471	1.0	0.362745098039	0.362745098039	0.372549019608	0.36	0.313725490196	0.352941176471	1.0	0.363636363636	0.470588235294	0.421568627451	1.0	0.470588235294	0.421568627451	0.323529411765	
0.253424657534	0.253424657534	0.246575342466	0.324561403509	0.318584070796	0.333333333333	0.330434782609	0.330434782609	0.330434782609	0.244604316547	0.241134751773	0.374100719424	0.368794326241	0.384057971014	0.342342342342	0.339449541284	0.41592920354	0.368794326241	0.326732673267	0.3125	0.330357142857	0.327433628319	0.313043478261	0.321428571429	0.323529411765	0.318584070796	0.313043478261	0.309734513274	0.181208053691	0.318965517241	0.387387387387	0.25641025641	0.260869565217	0.260504201681	0.254385964912	0.252173913043	0.362745098039	1.0	0.262711864407	0.301724137931	0.33	0.313432835821	0.25641025641	0.356435643564	0.323232323232	0.366197183099	0.321428571429	0.37	0.394495412844	0.321739130435	0.333333333333	
0.228813559322	0.237288135593	0.220338983051	0.464912280702	0.46017699115	0.468468468468	0.460869565217	0.460869565217	0.460869565217	0.203389830508	0.203389830508	0.35593220339	0.364406779661	0.372881355932	0.477477477477	0.477064220183	0.495575221239	0.330508474576	0.455445544554	0.464285714286	0.473214285714	0.469026548673	0.452173913043	0.464285714286	0.450980392157	0.46017699115	0.452173913043	0.46017699115	0.279661016949	0.387931034483	0.432432432432	0.991452991453	1.0	1.0	0.991228070175	0.991304347826	0.362745098039	0.262711864407	1.0	0.448275862069	0.46	0.347457627119	0.991452991453	0.366336633663	0.464646464646	0.330508474576	0.401785714286	0.37	0.440366972477	0.460869565217	0.406779661017	
0.258620689655	0.258620689655	0.25	0.605263157895	0.58407079646	0.585585585586	0.608695652174	0.608695652174	0.6	0.224137931034	0.224137931034	0.26724137931	0.26724137931	0.26724137931	0.594594594595	0.596330275229	0.353982300885	0.301724137931	1.0	1.0	0.589285714286	0.592920353982	0.591304347826	0.580357142857	1.0	0.58407079646	0.591304347826	1.0	0.318965517241	0.336206896552	0.387387387387	0.448275862069	0.452173913043	0.448275862069	0.438596491228	0.434782608696	0.372549019608	0.301724137931	0.448275862069	1.0	1.0	0.258620689655	0.448275862069	0.376237623762	1.0	0.301724137931	0.348214285714	0.38	0.394495412844	0.6	0.301724137931	
0.27	0.27	0.26	0.61	0.6	0.6	0.62	0.62	0.61	0.24	0.24	0.28	0.28	0.28	0.61	0.61	0.38	0.32	1.0	1.0	0.61	0.61	0.6	0.6	1.0	0.6	0.6	1.0	0.31	0.36	0.39	0.46	0.46	0.46	0.45	0.45	0.36	0.33	0.46	1.0	1.0	0.27	0.46	0.36	1.0	0.34	0.36	0.36	0.39	0.61	0.33	
0.253731343284	0.276119402985	0.246268656716	0.315789473684	0.309734513274	0.315315315315	0.313043478261	0.321739130435	0.313043478261	0.276119402985	0.283582089552	0.365671641791	0.373134328358	0.350746268657	0.324324324324	0.330275229358	0.327433628319	0.328358208955	0.267326732673	0.267857142857	0.321428571429	0.318584070796	0.304347826087	0.3125	0.264705882353	0.309734513274	0.304347826087	0.274336283186	0.186567164179	0.336206896552	0.324324324324	0.367521367521	0.35652173913	0.361344537815	0.350877192982	0.347826086957	0.313725490196	0.313432835821	0.347457627119	0.258620689655	0.27	1.0	0.34188034188	0.29702970297	0.272727272727	0.320895522388	0.330357142857	0.31	0.330275229358	0.313043478261	0.39552238806	
0.230769230769	0.230769230769	0.230769230769	0.456140350877	0.46017699115	0.468468468468	0.452173913043	0.452173913043	0.452173913043	0.196581196581	0.196581196581	0.350427350427	0.358974358974	0.350427350427	0.468468468468	0.467889908257	0.469026548673	0.324786324786	0.455445544554	0.464285714286	0.464285714286	0.46017699115	0.452173913043	0.464285714286	0.450980392157	0.451327433628	0.44347826087	0.46017699115	0.282051282051	0.379310344828	0.414414414414	0.982905982906	0.991304347826	0.991452991453	1.0	1.0	0.352941176471	0.25641025641	0.991452991453	0.448275862069	0.46	0.34188034188	1.0	0.356435643564	0.464646464646	0.324786324786	0.383928571429	0.36	0.422018348624	0.452173913043	0.393162393162	
0.336633663366	0.336633663366	0.326732673267	0.425742574257	0.415841584158	0.415841584158	0.386138613861	0.386138613861	0.386138613861	0.207920792079	0.227722772277	0.425742574257	0.435643564356	0.425742574257	0.425742574257	0.425742574257	0.455445544554	0.465346534653	0.356435643564	0.376237623762	0.425742574257	0.425742574257	0.415841584158	0.415841584158	0.356435643564	0.415841584158	0.415841584158	0.376237623762	0.207920792079	0.425742574257	0.475247524752	0.376237623762	0.366336633663	0.376237623762	0.356435643564	0.356435643564	1.0	0.356435643564	0.366336633663	0.376237623762	0.36	0.29702970297	0.356435643564	1.0	0.363636363636	0.465346534653	0.425742574257	0.99	0.475247524752	0.425742574257	0.326732673267	
0.272727272727	0.272727272727	0.262626262626	0.616161616162	0.606060606061	0.606060606061	0.626262626263	0.626262626263	0.616161616162	0.242424242424	0.242424242424	0.282828282828	0.282828282828	0.282828282828	0.616161616162	0.616161616162	0.373737373737	0.343434343434	1.0	1.0	0.616161616162	0.616161616162	0.606060606061	0.606060606061	1.0	0.606060606061	0.606060606061	1.0	0.313131313131	0.363636363636	0.393939393939	0.464646464646	0.464646464646	0.464646464646	0.454545454545	0.454545454545	0.363636363636	0.323232323232	0.464646464646	1.0	1.0	0.272727272727	0.464646464646	0.363636363636	1.0	0.343434343434	0.363636363636	0.363636363636	0.393939393939	0.616161616162	0.333333333333	
0.253521126761	0.239436619718	0.246478873239	0.342105263158	0.327433628319	0.342342342342	0.339130434783	0.339130434783	0.339130434783	0.258992805755	0.269503546099	0.661870503597	0.652482269504	0.666666666667	0.351351351351	0.348623853211	0.371681415929	1.0	0.316831683168	0.303571428571	0.339285714286	0.336283185841	0.321739130435	0.330357142857	0.323529411765	0.336283185841	0.330434782609	0.309734513274	0.183098591549	0.422413793103	0.423423423423	0.34188034188	0.339130434783	0.327731092437	0.324561403509	0.330434782609	0.470588235294	0.366197183099	0.330508474576	0.301724137931	0.34	0.320895522388	0.324786324786	0.465346534653	0.343434343434	1.0	0.419642857143	0.48	0.422018348624	0.330434782609	0.36231884058	
0.285714285714	0.303571428571	0.276785714286	0.428571428571	0.419642857143	0.423423423423	0.419642857143	0.419642857143	0.419642857143	0.223214285714	0.232142857143	0.401785714286	0.401785714286	0.419642857143	0.432432432432	0.43119266055	0.446428571429	0.419642857143	0.356435643564	0.348214285714	0.428571428571	0.428571428571	0.419642857143	0.419642857143	0.352941176471	0.419642857143	0.419642857143	0.348214285714	0.223214285714	1.0	0.495495495495	0.401785714286	0.392857142857	0.410714285714	0.383928571429	0.383928571429	0.421568627451	0.321428571429	0.401785714286	0.348214285714	0.36	0.330357142857	0.383928571429	0.425742574257	0.363636363636	0.419642857143	1.0	0.42	0.504587155963	0.428571428571	0.410714285714	
0.35	0.35	0.34	0.43	0.42	0.42	0.39	0.39	0.39	0.22	0.21	0.44	0.43	0.44	0.43	0.43	0.45	0.48	0.36	0.38	0.43	0.43	0.42	0.42	0.36	0.42	0.42	0.38	0.21	0.42	0.48	0.37	0.37	0.37	0.36	0.36	1.0	0.37	0.37	0.38	0.36	0.31	0.36	0.99	0.363636363636	0.48	0.42	1.0	0.48	0.43	0.32	
0.266055045872	0.275229357798	0.256880733945	0.449541284404	0.440366972477	0.440366972477	0.449541284404	0.440366972477	0.449541284404	0.211009174312	0.211009174312	0.43119266055	0.43119266055	0.43119266055	0.449541284404	0.449541284404	0.504587155963	0.422018348624	0.386138613861	0.394495412844	0.449541284404	0.449541284404	0.440366972477	0.440366972477	0.392156862745	0.440366972477	0.440366972477	0.394495412844	0.229357798165	0.504587155963	1.0	0.422018348624	0.43119266055	0.440366972477	0.422018348624	0.412844036697	0.470588235294	0.394495412844	0.440366972477	0.394495412844	0.39	0.330275229358	0.422018348624	0.475247524752	0.393939393939	0.422018348624	0.504587155963	0.48	1.0	0.449541284404	0.403669724771	
0.260869565217	0.260869565217	0.252173913043	1.0	0.991150442478	0.990990990991	0.95652173913	0.947826086957	0.947826086957	0.269565217391	0.269565217391	0.382608695652	0.382608695652	0.382608695652	1.0	1.0	0.398230088496	0.330434782609	0.60396039604	0.598214285714	1.0	1.0	0.991304347826	0.991071428571	0.607843137255	0.991150442478	0.991304347826	0.58407079646	0.269565217391	0.417391304348	0.441441441441	0.460869565217	0.460869565217	0.460869565217	0.456140350877	0.452173913043	0.421568627451	0.321739130435	0.460869565217	0.6	0.61	0.313043478261	0.452173913043	0.425742574257	0.616161616162	0.330434782609	0.428571428571	0.43	0.449541284404	1.0	0.373913043478	
0.239130434783	0.246376811594	0.231884057971	0.385964912281	0.371681415929	0.378378378378	0.4	0.408695652174	0.4	0.246376811594	0.260869565217	0.347826086957	0.36231884058	0.376811594203	0.387387387387	0.394495412844	0.389380530973	0.36231884058	0.326732673267	0.3125	0.383928571429	0.380530973451	0.365217391304	0.375	0.323529411765	0.371681415929	0.365217391304	0.318584070796	0.239130434783	0.413793103448	0.396396396396	0.410256410256	0.408695652174	0.411764705882	0.40350877193	0.4	0.323529411765	0.333333333333	0.406779661017	0.301724137931	0.33	0.39552238806	0.393162393162	0.326732673267	0.333333333333	0.36231884058	0.410714285714	0.32	0.403669724771	0.373913043478	1.0	
Fold d.13 solved.

d.12	9
1.0	0.440860215054	0.333333333333	0.58064516129	0.586956521739	0.172043010753	0.215053763441	0.258064516129	0.58064516129	
0.440860215054	1.0	0.358974358974	0.41935483871	0.413043478261	0.161290322581	0.268817204301	0.247311827957	0.41935483871	
0.333333333333	0.358974358974	1.0	0.346153846154	0.320512820513	0.179487179487	0.230769230769	0.230769230769	0.346153846154	
0.58064516129	0.41935483871	0.346153846154	1.0	1.0	0.204301075269	0.260416666667	0.260416666667	1.0	
0.586956521739	0.413043478261	0.320512820513	1.0	1.0	0.184782608696	0.260869565217	0.29347826087	1.0	
0.172043010753	0.161290322581	0.179487179487	0.204301075269	0.184782608696	1.0	0.301075268817	0.387096774194	0.182795698925	
0.215053763441	0.268817204301	0.230769230769	0.260416666667	0.260869565217	0.301075268817	1.0	0.367346938776	0.268817204301	
0.258064516129	0.247311827957	0.230769230769	0.260416666667	0.29347826087	0.387096774194	0.367346938776	1.0	0.301075268817	
0.58064516129	0.41935483871	0.346153846154	1.0	1.0	0.182795698925	0.268817204301	0.301075268817	1.0	
Fold d.12 solved.

f.53	1
1.0	
Fold f.53 solved.

d.14	83
1.0	0.991452991453	0.267605633803	0.271604938272	0.296296296296	0.198347107438	0.256198347107	0.159292035398	0.205128205128	0.183486238532	0.2	0.15652173913	0.223140495868	0.223140495868	0.198347107438	0.256198347107	0.247933884298	0.264462809917	0.247933884298	0.272727272727	0.272727272727	0.280991735537	0.289256198347	0.264462809917	0.190082644628	0.272727272727	0.223140495868	0.223140495868	0.223140495868	0.289256198347	0.289256198347	0.256198347107	0.264462809917	0.256198347107	0.239669421488	0.223140495868	0.231404958678	0.241666666667	0.247933884298	0.239669421488	0.239669421488	0.231404958678	0.231404958678	0.239669421488	0.195652173913	0.252631578947	0.178571428571	0.279069767442	0.226804123711	0.233644859813	0.252525252525	0.190082644628	0.198347107438	0.289256198347	0.289256198347	0.149122807018	0.223140495868	0.176470588235	0.272727272727	0.289256198347	0.297520661157	0.289256198347	0.256198347107	0.272727272727	0.220930232558	0.264462809917	0.241379310345	0.241379310345	0.244186046512	0.18691588785	0.206611570248	0.231578947368	0.285714285714	0.198198198198	0.255319148936	1.0	0.280991735537	0.223140495868	0.231404958678	0.247619047619	0.521739130435	0.280991735537	0.155172413793	
