d.156	3
1.0	0.364406779661	0.991452991453	
0.364406779661	1.0	0.358974358974	
0.991452991453	0.358974358974	1.0	
Fold d.156 solved.

d.150	27
1.0	0.267326732673	1.0	0.228813559322	0.23275862069	0.282051282051	0.284482758621	0.241666666667	0.259842519685	0.259842519685	0.259842519685	0.192	0.259842519685	0.244094488189	0.244094488189	0.244094488189	0.213675213675	0.228813559322	0.227642276423	0.227642276423	0.192	0.235294117647	0.208	0.252100840336	0.174603174603	0.244094488189	0.271186440678	
0.267326732673	1.0	0.267326732673	0.277227722772	0.257425742574	0.237623762376	0.237623762376	0.237623762376	0.267326732673	0.277227722772	0.287128712871	0.227722772277	0.217821782178	0.207920792079	0.247524752475	0.257425742574	0.316831683168	0.316831683168	0.257425742574	0.277227722772	0.257425742574	0.326732673267	0.277227722772	0.227722772277	0.257425742574	0.277227722772	0.277227722772	
1.0	0.267326732673	1.0	0.228813559322	0.215517241379	0.264957264957	0.284482758621	0.25	0.227642276423	0.227642276423	0.227642276423	0.19512195122	0.260162601626	0.243902439024	0.243902439024	0.243902439024	0.230769230769	0.228813559322	0.227642276423	0.235772357724	0.19512195122	0.218487394958	0.211382113821	0.243697478992	0.19512195122	0.243902439024	0.271186440678	
0.228813559322	0.277227722772	0.228813559322	1.0	1.0	0.444444444444	0.448275862069	0.330508474576	0.322033898305	0.322033898305	0.322033898305	0.406779661017	0.364406779661	0.322033898305	0.322033898305	0.322033898305	0.487179487179	0.483050847458	0.35593220339	0.364406779661	0.457627118644	0.483050847458	0.449152542373	0.330508474576	0.457627118644	0.313559322034	0.974576271186	
0.23275862069	0.257425742574	0.215517241379	1.0	1.0	0.448275862069	0.448275862069	0.336206896552	0.327586206897	0.327586206897	0.327586206897	0.405172413793	0.362068965517	0.327586206897	0.327586206897	0.336206896552	0.491379310345	0.491379310345	0.353448275862	0.362068965517	0.465517241379	0.491379310345	0.456896551724	0.336206896552	0.465517241379	0.318965517241	0.98275862069	
0.282051282051	0.237623762376	0.264957264957	0.444444444444	0.448275862069	1.0	1.0	0.316239316239	0.324786324786	0.34188034188	0.34188034188	0.358974358974	0.358974358974	0.307692307692	0.307692307692	0.316239316239	0.384615384615	0.384615384615	0.333333333333	0.34188034188	0.444444444444	0.384615384615	0.367521367521	0.316239316239	0.444444444444	0.358974358974	0.435897435897	
0.284482758621	0.237623762376	0.284482758621	0.448275862069	0.448275862069	1.0	1.0	0.318965517241	0.327586206897	0.344827586207	0.344827586207	0.362068965517	0.362068965517	0.310344827586	0.310344827586	0.318965517241	0.387931034483	0.387931034483	0.344827586207	0.353448275862	0.448275862069	0.387931034483	0.379310344828	0.318965517241	0.448275862069	0.362068965517	0.439655172414	
0.241666666667	0.237623762376	0.25	0.330508474576	0.336206896552	0.316239316239	0.318965517241	1.0	0.308333333333	0.325	0.325	0.241666666667	0.341666666667	0.325	0.325	0.325	0.307692307692	0.305084745763	0.3	0.308333333333	0.266666666667	0.302521008403	0.3	0.991596638655	0.275	0.325	0.330508474576	
0.259842519685	0.267326732673	0.227642276423	0.322033898305	0.327586206897	0.324786324786	0.327586206897	0.308333333333	1.0	1.0	1.0	0.304	0.46511627907	0.472868217054	0.472868217054	0.469230769231	0.316239316239	0.313559322034	0.325203252033	0.333333333333	0.336	0.310924369748	0.304	0.310924369748	0.333333333333	0.46511627907	0.305084745763	
0.259842519685	0.277227722772	0.227642276423	0.322033898305	0.327586206897	0.34188034188	0.344827586207	0.325	1.0	1.0	1.0	0.304	0.46511627907	0.472868217054	0.472868217054	0.469230769231	0.316239316239	0.313559322034	0.325203252033	0.333333333333	0.336	0.310924369748	0.304	0.327731092437	0.333333333333	0.46511627907	0.305084745763	
0.259842519685	0.287128712871	0.227642276423	0.322033898305	0.327586206897	0.34188034188	0.344827586207	0.325	1.0	1.0	1.0	0.304	0.46511627907	0.472868217054	0.472868217054	0.469230769231	0.316239316239	0.313559322034	0.325203252033	0.333333333333	0.352	0.310924369748	0.304	0.327731092437	0.349206349206	0.46511627907	0.305084745763	
0.192	0.227722772277	0.19512195122	0.406779661017	0.405172413793	0.358974358974	0.362068965517	0.241666666667	0.304	0.304	0.304	1.0	0.36	0.36	0.36	0.36	0.42735042735	0.415254237288	0.390243902439	0.390243902439	0.552	0.411764705882	0.4	0.252100840336	0.552	0.352	0.406779661017	
0.259842519685	0.217821782178	0.260162601626	0.364406779661	0.362068965517	0.358974358974	0.362068965517	0.341666666667	0.46511627907	0.46511627907	0.46511627907	0.36	1.0	0.852713178295	0.860465116279	0.860465116279	0.316239316239	0.313559322034	0.382113821138	0.390243902439	0.328	0.310924369748	0.312	0.344537815126	0.325396825397	0.852713178295	0.35593220339	
0.244094488189	0.207920792079	0.243902439024	0.322033898305	0.327586206897	0.307692307692	0.310344827586	0.325	0.472868217054	0.472868217054	0.472868217054	0.36	0.852713178295	1.0	0.992248062016	0.992248062016	0.282051282051	0.279661016949	0.390243902439	0.39837398374	0.328	0.285714285714	0.312	0.327731092437	0.325396825397	0.976744186047	0.322033898305	
0.244094488189	0.247524752475	0.243902439024	0.322033898305	0.327586206897	0.307692307692	0.310344827586	0.325	0.472868217054	0.472868217054	0.472868217054	0.36	0.860465116279	0.992248062016	1.0	1.0	0.282051282051	0.279661016949	0.382113821138	0.390243902439	0.328	0.285714285714	0.312	0.327731092437	0.325396825397	0.984496124031	0.322033898305	
0.244094488189	0.257425742574	0.243902439024	0.322033898305	0.336206896552	0.316239316239	0.318965517241	0.325	0.469230769231	0.469230769231	0.469230769231	0.36	0.860465116279	0.992248062016	1.0	1.0	0.290598290598	0.28813559322	0.390243902439	0.39837398374	0.336	0.294117647059	0.32	0.327731092437	0.333333333333	0.984496124031	0.322033898305	
0.213675213675	0.316831683168	0.230769230769	0.487179487179	0.491379310345	0.384615384615	0.387931034483	0.307692307692	0.316239316239	0.316239316239	0.316239316239	0.42735042735	0.316239316239	0.282051282051	0.282051282051	0.290598290598	1.0	1.0	0.333333333333	0.34188034188	0.452991452991	1.0	0.410256410256	0.299145299145	0.452991452991	0.316239316239	0.495726495726	
0.228813559322	0.316831683168	0.228813559322	0.483050847458	0.491379310345	0.384615384615	0.387931034483	0.305084745763	0.313559322034	0.313559322034	0.313559322034	0.415254237288	0.313559322034	0.279661016949	0.279661016949	0.28813559322	1.0	1.0	0.322033898305	0.330508474576	0.449152542373	1.0	0.406779661017	0.305084745763	0.449152542373	0.313559322034	0.491525423729	
0.227642276423	0.257425742574	0.227642276423	0.35593220339	0.353448275862	0.333333333333	0.344827586207	0.3	0.325203252033	0.325203252033	0.325203252033	0.390243902439	0.382113821138	0.390243902439	0.382113821138	0.390243902439	0.333333333333	0.322033898305	1.0	0.991869918699	0.390243902439	0.319327731092	0.325203252033	0.302521008403	0.390243902439	0.382113821138	0.364406779661	
0.227642276423	0.277227722772	0.235772357724	0.364406779661	0.362068965517	0.34188034188	0.353448275862	0.308333333333	0.333333333333	0.333333333333	0.333333333333	0.390243902439	0.390243902439	0.39837398374	0.390243902439	0.39837398374	0.34188034188	0.330508474576	0.991869918699	1.0	0.390243902439	0.327731092437	0.325203252033	0.310924369748	0.390243902439	0.390243902439	0.372881355932	
0.192	0.257425742574	0.19512195122	0.457627118644	0.465517241379	0.444444444444	0.448275862069	0.266666666667	0.336	0.336	0.352	0.552	0.328	0.328	0.328	0.336	0.452991452991	0.449152542373	0.390243902439	0.390243902439	1.0	0.445378151261	0.408	0.27731092437	1.0	0.32	0.457627118644	
0.235294117647	0.326732673267	0.218487394958	0.483050847458	0.491379310345	0.384615384615	0.387931034483	0.302521008403	0.310924369748	0.310924369748	0.310924369748	0.411764705882	0.310924369748	0.285714285714	0.285714285714	0.294117647059	1.0	1.0	0.319327731092	0.327731092437	0.445378151261	1.0	0.403361344538	0.294117647059	0.445378151261	0.319327731092	0.491525423729	
0.208	0.277227722772	0.211382113821	0.449152542373	0.456896551724	0.367521367521	0.379310344828	0.3	0.304	0.304	0.304	0.4	0.312	0.312	0.312	0.32	0.410256410256	0.406779661017	0.325203252033	0.325203252033	0.408	0.403361344538	1.0	0.294117647059	0.408	0.304	0.432203389831	
0.252100840336	0.227722772277	0.243697478992	0.330508474576	0.336206896552	0.316239316239	0.318965517241	0.991596638655	0.310924369748	0.327731092437	0.327731092437	0.252100840336	0.344537815126	0.327731092437	0.327731092437	0.327731092437	0.299145299145	0.305084745763	0.302521008403	0.310924369748	0.27731092437	0.294117647059	0.294117647059	1.0	0.268907563025	0.327731092437	0.330508474576	
0.174603174603	0.257425742574	0.19512195122	0.457627118644	0.465517241379	0.444444444444	0.448275862069	0.275	0.333333333333	0.333333333333	0.349206349206	0.552	0.325396825397	0.325396825397	0.325396825397	0.333333333333	0.452991452991	0.449152542373	0.390243902439	0.390243902439	1.0	0.445378151261	0.408	0.268907563025	1.0	0.31746031746	0.457627118644	
0.244094488189	0.277227722772	0.243902439024	0.313559322034	0.318965517241	0.358974358974	0.362068965517	0.325	0.46511627907	0.46511627907	0.46511627907	0.352	0.852713178295	0.976744186047	0.984496124031	0.984496124031	0.316239316239	0.313559322034	0.382113821138	0.390243902439	0.32	0.319327731092	0.304	0.327731092437	0.31746031746	1.0	0.313559322034	
0.271186440678	0.277227722772	0.271186440678	0.974576271186	0.98275862069	0.435897435897	0.439655172414	0.330508474576	0.305084745763	0.305084745763	0.305084745763	0.406779661017	0.35593220339	0.322033898305	0.322033898305	0.322033898305	0.495726495726	0.491525423729	0.364406779661	0.372881355932	0.457627118644	0.491525423729	0.432203389831	0.330508474576	0.457627118644	0.313559322034	1.0	
Fold d.150 solved.

d.331	1
1.0	
Fold d.331 solved.

c.131	7
1.0	0.417391304348	0.282051282051	0.424778761062	0.486956521739	0.495726495726	1.0	
0.417391304348	1.0	0.286956521739	1.0	0.495652173913	0.573913043478	0.417391304348	
0.282051282051	0.286956521739	1.0	0.283185840708	0.304347826087	0.271186440678	0.284482758621	
0.424778761062	1.0	0.283185840708	1.0	0.495575221239	0.575221238938	0.424778761062	
0.486956521739	0.495652173913	0.304347826087	0.495575221239	1.0	0.504347826087	0.486956521739	
0.495726495726	0.573913043478	0.271186440678	0.575221238938	0.504347826087	1.0	0.5	
1.0	0.417391304348	0.284482758621	0.424778761062	0.486956521739	0.5	1.0	
Fold c.131 solved.

c.136	5
1.0	1.0	0.982608695652	0.991452991453	0.259259259259	
1.0	1.0	0.973913043478	0.991379310345	0.25	
0.982608695652	0.973913043478	1.0	0.991304347826	0.268518518519	
0.991452991453	0.991379310345	0.991304347826	1.0	0.259259259259	
0.259259259259	0.25	0.268518518519	0.259259259259	1.0	
Fold c.136 solved.

d.120	47
1.0	0.975609756098	0.939024390244	0.975609756098	0.987804878049	0.987804878049	0.975609756098	0.951219512195	0.987804878049	0.987804878049	0.987804878049	0.585365853659	0.682926829268	0.682926829268	0.658536585366	0.646341463415	0.609756097561	0.90243902439	0.90243902439	0.939024390244	0.320987654321	0.841463414634	0.975609756098	0.975609756098	0.951219512195	0.617283950617	0.621951219512	0.707317073171	0.707317073171	0.707317073171	0.975609756098	0.939024390244	0.243902439024	0.243902439024	0.341463414634	0.317073170732	0.405063291139	0.40243902439	0.395061728395	0.329268292683	0.975609756098	0.341463414634	0.609756097561	0.90243902439	0.682926829268	0.390243902439	0.280487804878	
0.975609756098	1.0	0.939024390244	0.975609756098	0.987804878049	0.975609756098	0.975609756098	0.951219512195	0.975609756098	0.987804878049	0.987804878049	0.585365853659	0.682926829268	0.682926829268	0.658536585366	0.646341463415	0.59756097561	0.926829268293	0.90243902439	0.939024390244	0.333333333333	0.841463414634	0.975609756098	0.975609756098	0.951219512195	0.617283950617	0.621951219512	0.707317073171	0.707317073171	0.707317073171	0.975609756098	0.939024390244	0.243902439024	0.243902439024	0.341463414634	0.317073170732	0.392405063291	0.390243902439	0.382716049383	0.329268292683	0.975609756098	0.341463414634	0.59756097561	0.90243902439	0.682926829268	0.378048780488	0.268292682927	
0.939024390244	0.939024390244	1.0	0.939024390244	0.951219512195	0.939024390244	0.939024390244	0.987804878049	0.939024390244	0.951219512195	0.951219512195	0.548780487805	0.646341463415	0.646341463415	0.621951219512	0.609756097561	0.560975609756	0.865853658537	0.865853658537	0.90243902439	0.308641975309	0.80487804878	0.939024390244	0.939024390244	0.914634146341	0.58024691358	0.585365853659	0.670731707317	0.670731707317	0.670731707317	0.939024390244	0.90243902439	0.243902439024	0.243902439024	0.365853658537	0.292682926829	0.379746835443	0.378048780488	0.37037037037	0.353658536585	0.939024390244	0.365853658537	0.560975609756	0.865853658537	0.646341463415	0.365853658537	0.292682926829	
0.975609756098	0.975609756098	0.939024390244	1.0	0.987804878049	0.975609756098	0.975609756098	0.951219512195	0.975609756098	0.987804878049	0.987804878049	0.585365853659	0.682926829268	0.682926829268	0.658536585366	0.646341463415	0.59756097561	0.90243902439	0.90243902439	0.939024390244	0.308641975309	0.841463414634	0.975609756098	0.975609756098	0.951219512195	0.617283950617	0.621951219512	0.707317073171	0.707317073171	0.707317073171	0.975609756098	0.939024390244	0.256097560976	0.256097560976	0.341463414634	0.292682926829	0.392405063291	0.390243902439	0.382716049383	0.329268292683	0.975609756098	0.341463414634	0.59756097561	0.90243902439	0.682926829268	0.378048780488	0.280487804878	
0.987804878049	0.987804878049	0.951219512195	0.987804878049	1.0	0.987804878049	0.987804878049	0.963414634146	0.987804878049	1.0	1.0	0.593023255814	0.659090909091	0.674418604651	0.64367816092	0.650602409639	0.581395348837	0.917647058824	0.917647058824	0.920454545455	0.333333333333	0.853658536585	0.987804878049	0.987804878049	0.909090909091	0.62962962963	0.604651162791	0.681818181818	0.694117647059	0.705882352941	0.965517241379	0.920454545455	0.227272727273	0.227272727273	0.329545454545	0.298850574713	0.392405063291	0.363636363636	0.382716049383	0.318181818182	0.987804878049	0.318181818182	0.581395348837	0.928571428571	0.647727272727	0.373493975904	0.261363636364	
0.987804878049	0.975609756098	0.939024390244	0.975609756098	0.987804878049	1.0	0.975609756098	0.951219512195	0.987804878049	0.987804878049	0.987804878049	0.585365853659	0.682926829268	0.682926829268	0.658536585366	0.646341463415	0.609756097561	0.90243902439	0.90243902439	0.939024390244	0.320987654321	0.841463414634	0.975609756098	0.975609756098	0.951219512195	0.617283950617	0.621951219512	0.707317073171	0.707317073171	0.707317073171	0.975609756098	0.939024390244	0.243902439024	0.243902439024	0.341463414634	0.30487804878	0.405063291139	0.40243902439	0.395061728395	0.329268292683	0.975609756098	0.341463414634	0.609756097561	0.90243902439	0.682926829268	0.390243902439	0.280487804878	
0.975609756098	0.975609756098	0.939024390244	0.975609756098	0.987804878049	0.975609756098	1.0	0.951219512195	0.975609756098	0.987804878049	0.987804878049	0.585365853659	0.682926829268	0.682926829268	0.658536585366	0.646341463415	0.609756097561	0.90243902439	0.90243902439	0.939024390244	0.333333333333	0.841463414634	0.975609756098	0.975609756098	0.951219512195	0.617283950617	0.621951219512	0.707317073171	0.707317073171	0.707317073171	0.975609756098	0.939024390244	0.231707317073	0.231707317073	0.341463414634	0.292682926829	0.392405063291	0.390243902439	0.382716049383	0.329268292683	0.975609756098	0.341463414634	0.609756097561	0.90243902439	0.682926829268	0.378048780488	0.280487804878	
0.951219512195	0.951219512195	0.987804878049	0.951219512195	0.963414634146	0.951219512195	0.951219512195	1.0	0.951219512195	0.963414634146	0.963414634146	0.560975609756	0.658536585366	0.658536585366	0.634146341463	0.621951219512	0.573170731707	0.878048780488	0.878048780488	0.914634146341	0.308641975309	0.817073170732	0.951219512195	0.951219512195	0.926829268293	0.592592592593	0.59756097561	0.682926829268	0.682926829268	0.682926829268	0.951219512195	0.914634146341	0.243902439024	0.243902439024	0.365853658537	0.292682926829	0.379746835443	0.378048780488	0.37037037037	0.353658536585	0.951219512195	0.365853658537	0.573170731707	0.878048780488	0.658536585366	0.365853658537	0.292682926829	
0.987804878049	0.975609756098	0.939024390244	0.975609756098	0.987804878049	0.987804878049	0.975609756098	0.951219512195	1.0	0.987804878049	0.987804878049	0.585365853659	0.682926829268	0.682926829268	0.658536585366	0.646341463415	0.609756097561	0.90243902439	0.90243902439	0.939024390244	0.320987654321	0.841463414634	0.975609756098	0.975609756098	0.951219512195	0.617283950617	0.621951219512	0.707317073171	0.707317073171	0.707317073171	0.975609756098	0.939024390244	0.231707317073	0.231707317073	0.341463414634	0.30487804878	0.405063291139	0.40243902439	0.395061728395	0.329268292683	0.975609756098	0.341463414634	0.609756097561	0.90243902439	0.682926829268	0.390243902439	0.280487804878	
0.987804878049	0.987804878049	0.951219512195	0.987804878049	1.0	0.987804878049	0.987804878049	0.963414634146	0.987804878049	1.0	1.0	0.593023255814	0.674157303371	0.686046511628	0.655172413793	0.674698795181	0.604651162791	0.917647058824	0.917647058824	0.893617021277	0.320987654321	0.853658536585	0.987804878049	0.987804878049	0.884615384615	0.62962962963	0.627906976744	0.688888888889	0.717647058824	0.717647058824	0.977011494253	0.865384615385	0.182692307692	0.2	0.336956521739	0.310344827586	0.417721518987	0.366666666667	0.395061728395	0.375	0.987804878049	0.319587628866	0.604651162791	0.928571428571	0.681818181818	0.385542168675	0.25	
0.987804878049	0.987804878049	0.951219512195	0.987804878049	1.0	0.987804878049	0.987804878049	0.963414634146	0.987804878049	1.0	1.0	0.595238095238	0.678571428571	0.678571428571	0.654761904762	0.650602409639	0.595238095238	0.892857142857	0.892857142857	0.940476190476	0.333333333333	0.853658536585	0.987804878049	0.987804878049	0.940476190476	0.62962962963	0.619047619048	0.702380952381	0.702380952381	0.702380952381	0.964285714286	0.940476190476	0.238095238095	0.238095238095	0.345238095238	0.297619047619	0.405063291139	0.392857142857	0.395061728395	0.333333333333	0.987804878049	0.333333333333	0.595238095238	0.892857142857	0.678571428571	0.385542168675	0.285714285714	
0.585365853659	0.585365853659	0.548780487805	0.585365853659	0.593023255814	0.585365853659	0.585365853659	0.560975609756	0.585365853659	0.593023255814	0.595238095238	1.0	0.581395348837	0.56976744186	0.581395348837	0.602409638554	0.558139534884	0.576470588235	0.576470588235	0.593023255814	0.333333333333	0.621951219512	0.585365853659	0.59756097561	0.604651162791	0.617283950617	0.581395348837	0.56976744186	0.576470588235	0.576470588235	0.581395348837	0.593023255814	0.302325581395	0.313953488372	0.395348837209	0.325581395349	0.430379746835	0.383720930233	0.407407407407	0.383720930233	0.585365853659	0.383720930233	0.558139534884	0.583333333333	0.581395348837	0.397590361446	0.244186046512	
0.682926829268	0.682926829268	0.646341463415	0.682926829268	0.659090909091	0.682926829268	0.682926829268	0.658536585366	0.682926829268	0.674157303371	0.678571428571	0.581395348837	1.0	1.0	0.977011494253	0.975903614458	0.918604651163	0.658823529412	0.658823529412	0.640449438202	0.320987654321	0.719512195122	0.682926829268	0.682926829268	0.696629213483	0.938271604938	0.941860465116	0.977528089888	0.976470588235	0.976470588235	0.666666666667	0.674157303371	0.280898876404	0.258426966292	0.393258426966	0.344827586207	0.443037974684	0.38202247191	0.41975308642	0.397727272727	0.682926829268	0.38202247191	0.918604651163	0.666666666667	1.0	0.421686746988	0.247191011236	
0.682926829268	0.682926829268	0.646341463415	0.682926829268	0.674418604651	0.682926829268	0.682926829268	0.658536585366	0.682926829268	0.686046511628	0.678571428571	0.56976744186	1.0	1.0	0.976744186047	0.975903614458	0.906976744186	0.658823529412	0.658823529412	0.651162790698	0.320987654321	0.719512195122	0.682926829268	0.682926829268	0.697674418605	0.938271604938	0.93023255814	0.976744186047	0.976470588235	0.976470588235	0.674418604651	0.686046511628	0.267441860465	0.267441860465	0.406976744186	0.337209302326	0.443037974684	0.395348837209	0.41975308642	0.406976744186	0.682926829268	0.406976744186	0.906976744186	0.666666666667	0.988372093023	0.409638554217	0.255813953488	
0.658536585366	0.658536585366	0.621951219512	0.658536585366	0.64367816092	0.658536585366	0.658536585366	0.634146341463	0.658536585366	0.655172413793	0.654761904762	0.581395348837	0.977011494253	0.976744186047	1.0	1.0	0.941860465116	0.635294117647	0.635294117647	0.632183908046	0.358024691358	0.743902439024	0.658536585366	0.682926829268	0.67816091954	0.962962962963	0.96511627907	0.954022988506	0.952941176471	0.952941176471	0.64367816092	0.655172413793	0.333333333333	0.310344827586	0.413793103448	0.333333333333	0.455696202532	0.425287356322	0.456790123457	0.413793103448	0.658536585366	0.402298850575	0.941860465116	0.642857142857	0.965517241379	0.457831325301	0.264367816092	
0.646341463415	0.646341463415	0.609756097561	0.646341463415	0.650602409639	0.646341463415	0.646341463415	0.621951219512	0.646341463415	0.674698795181	0.650602409639	0.602409638554	0.975903614458	0.975903614458	1.0	1.0	0.939759036145	0.638554216867	0.638554216867	0.674698795181	0.345679012346	0.731707317073	0.646341463415	0.670731707317	0.686746987952	0.962962962963	0.963855421687	0.951807228916	0.951807228916	0.951807228916	0.650602409639	0.674698795181	0.301204819277	0.301204819277	0.421686746988	0.373493975904	0.443037974684	0.421686746988	0.432098765432	0.421686746988	0.646341463415	0.421686746988	0.939759036145	0.638554216867	0.975903614458	0.421686746988	0.277108433735	
0.609756097561	0.59756097561	0.560975609756	0.59756097561	0.581395348837	0.609756097561	0.609756097561	0.573170731707	0.609756097561	0.604651162791	0.595238095238	0.558139534884	0.918604651163	0.906976744186	0.941860465116	0.939759036145	1.0	0.564705882353	0.564705882353	0.604651162791	0.358024691358	0.756097560976	0.59756097561	0.621951219512	0.627906976744	0.975308641975	0.976744186047	0.895348837209	0.894117647059	0.882352941176	0.581395348837	0.604651162791	0.302325581395	0.279069767442	0.418604651163	0.325581395349	0.430379746835	0.406976744186	0.432098765432	0.418604651163	0.59756097561	0.406976744186	0.976744186047	0.571428571429	0.918604651163	0.433734939759	0.279069767442	
0.90243902439	0.926829268293	0.865853658537	0.90243902439	0.917647058824	0.90243902439	0.90243902439	0.878048780488	0.90243902439	0.917647058824	0.892857142857	0.576470588235	0.658823529412	0.658823529412	0.635294117647	0.638554216867	0.564705882353	1.0	0.976470588235	0.905882352941	0.345679012346	0.780487804878	0.90243902439	0.90243902439	0.894117647059	0.617283950617	0.588235294118	0.682352941176	0.670588235294	0.682352941176	0.941176470588	0.905882352941	0.235294117647	0.235294117647	0.317647058824	0.305882352941	0.417721518987	0.4	0.407407407407	0.317647058824	0.90243902439	0.317647058824	0.564705882353	0.988095238095	0.647058823529	0.397590361446	0.223529411765	
0.90243902439	0.90243902439	0.865853658537	0.90243902439	0.917647058824	0.90243902439	0.90243902439	0.878048780488	0.90243902439	0.917647058824	0.892857142857	0.576470588235	0.658823529412	0.658823529412	0.635294117647	0.638554216867	0.564705882353	0.976470588235	1.0	0.905882352941	0.320987654321	0.780487804878	0.90243902439	0.90243902439	0.894117647059	0.617283950617	0.588235294118	0.682352941176	0.670588235294	0.682352941176	0.941176470588	0.905882352941	0.235294117647	0.235294117647	0.341176470588	0.294117647059	0.405063291139	0.388235294118	0.395061728395	0.341176470588	0.90243902439	0.341176470588	0.564705882353	0.988095238095	0.647058823529	0.385542168675	0.235294117647	
0.939024390244	0.939024390244	0.90243902439	0.939024390244	0.920454545455	0.939024390244	0.939024390244	0.914634146341	0.939024390244	0.893617021277	0.940476190476	0.593023255814	0.640449438202	0.651162790698	0.632183908046	0.674698795181	0.604651162791	0.905882352941	0.905882352941	1.0	0.345679012346	0.80487804878	0.939024390244	0.939024390244	0.925531914894	0.641975308642	0.627906976744	0.655555555556	0.705882352941	0.682352941176	0.942528735632	1.0	0.212765957447	0.212765957447	0.347826086957	0.32183908046	0.417721518987	0.355555555556	0.407407407407	0.352272727273	0.939024390244	0.340425531915	0.604651162791	0.916666666667	0.670454545455	0.409638554217	0.239130434783	
0.320987654321	0.333333333333	0.308641975309	0.308641975309	0.333333333333	0.320987654321	0.333333333333	0.308641975309	0.320987654321	0.320987654321	0.333333333333	0.333333333333	0.320987654321	0.320987654321	0.358024691358	0.345679012346	0.358024691358	0.345679012346	0.320987654321	0.345679012346	1.0	0.345679012346	0.320987654321	0.333333333333	0.308641975309	0.358024691358	0.358024691358	0.333333333333	0.333333333333	0.333333333333	0.320987654321	0.320987654321	0.296296296296	0.283950617284	0.333333333333	0.296296296296	0.291139240506	0.283950617284	0.296296296296	0.333333333333	0.333333333333	0.345679012346	0.358024691358	0.333333333333	0.320987654321	0.283950617284	0.234567901235	
0.841463414634	0.841463414634	0.80487804878	0.841463414634	0.853658536585	0.841463414634	0.841463414634	0.817073170732	0.841463414634	0.853658536585	0.853658536585	0.621951219512	0.719512195122	0.719512195122	0.743902439024	0.731707317073	0.756097560976	0.780487804878	0.780487804878	0.80487804878	0.345679012346	1.0	0.841463414634	0.865853658537	0.841463414634	0.777777777778	0.780487804878	0.743902439024	0.743902439024	0.743902439024	0.841463414634	0.80487804878	0.268292682927	0.268292682927	0.378048780488	0.329268292683	0.430379746835	0.426829268293	0.41975308642	0.365853658537	0.841463414634	0.378048780488	0.756097560976	0.780487804878	0.719512195122	0.414634146341	0.30487804878	
0.975609756098	0.975609756098	0.939024390244	0.975609756098	0.987804878049	0.975609756098	0.975609756098	0.951219512195	0.975609756098	0.987804878049	0.987804878049	0.585365853659	0.682926829268	0.682926829268	0.658536585366	0.646341463415	0.59756097561	0.90243902439	0.90243902439	0.939024390244	0.320987654321	0.841463414634	1.0	0.975609756098	0.951219512195	0.617283950617	0.621951219512	0.707317073171	0.707317073171	0.707317073171	0.975609756098	0.939024390244	0.243902439024	0.243902439024	0.341463414634	0.292682926829	0.392405063291	0.390243902439	0.382716049383	0.329268292683	0.987804878049	0.341463414634	0.59756097561	0.90243902439	0.682926829268	0.378048780488	0.280487804878	
0.975609756098	0.975609756098	0.939024390244	0.975609756098	0.987804878049	0.975609756098	0.975609756098	0.951219512195	0.975609756098	0.987804878049	0.987804878049	0.59756097561	0.682926829268	0.682926829268	0.682926829268	0.670731707317	0.621951219512	0.90243902439	0.90243902439	0.939024390244	0.333333333333	0.865853658537	0.975609756098	1.0	0.951219512195	0.641975308642	0.646341463415	0.707317073171	0.707317073171	0.707317073171	0.975609756098	0.939024390244	0.243902439024	0.243902439024	0.341463414634	0.317073170732	0.430379746835	0.426829268293	0.41975308642	0.329268292683	0.975609756098	0.341463414634	0.621951219512	0.90243902439	0.682926829268	0.414634146341	0.280487804878	
0.951219512195	0.951219512195	0.914634146341	0.951219512195	0.909090909091	0.951219512195	0.951219512195	0.926829268293	0.951219512195	0.884615384615	0.940476190476	0.604651162791	0.696629213483	0.697674418605	0.67816091954	0.686746987952	0.627906976744	0.894117647059	0.894117647059	0.925531914894	0.308641975309	0.841463414634	0.951219512195	0.951219512195	1.0	0.641975308642	0.651162790698	0.711111111111	0.729411764706	0.729411764706	0.942528735632	0.913461538462	0.240740740741	0.26	0.347826086957	0.32183908046	0.430379746835	0.377777777778	0.407407407407	0.340909090909	0.951219512195	0.319587628866	0.627906976744	0.904761904762	0.704545454545	0.409638554217	0.271739130435	
0.617283950617	0.617283950617	0.58024691358	0.617283950617	0.62962962963	0.617283950617	0.617283950617	0.592592592593	0.617283950617	0.62962962963	0.62962962963	0.617283950617	0.938271604938	0.938271604938	0.962962962963	0.962962962963	0.975308641975	0.617283950617	0.617283950617	0.641975308642	0.358024691358	0.777777777778	0.617283950617	0.641975308642	0.641975308642	1.0	1.0	0.913580246914	0.913580246914	0.913580246914	0.62962962963	0.62962962963	0.320987654321	0.320987654321	0.395061728395	0.37037037037	0.430379746835	0.41975308642	0.41975308642	0.395061728395	0.617283950617	0.395061728395	0.975308641975	0.617283950617	0.938271604938	0.41975308642	0.308641975309	
0.621951219512	0.621951219512	0.585365853659	0.621951219512	0.604651162791	0.621951219512	0.621951219512	0.59756097561	0.621951219512	0.627906976744	0.619047619048	0.581395348837	0.941860465116	0.93023255814	0.96511627907	0.963855421687	0.976744186047	0.588235294118	0.588235294118	0.627906976744	0.358024691358	0.780487804878	0.621951219512	0.646341463415	0.651162790698	1.0	1.0	0.918604651163	0.917647058824	0.905882352941	0.604651162791	0.627906976744	0.313953488372	0.290697674419	0.418604651163	0.337209302326	0.430379746835	0.406976744186	0.432098765432	0.418604651163	0.621951219512	0.406976744186	0.976744186047	0.595238095238	0.941860465116	0.433734939759	0.279069767442	
0.707317073171	0.707317073171	0.670731707317	0.707317073171	0.681818181818	0.707317073171	0.707317073171	0.682926829268	0.707317073171	0.688888888889	0.702380952381	0.56976744186	0.977528089888	0.976744186047	0.954022988506	0.951807228916	0.895348837209	0.682352941176	0.682352941176	0.655555555556	0.333333333333	0.743902439024	0.707317073171	0.707317073171	0.711111111111	0.913580246914	0.918604651163	1.0	1.0	1.0	0.689655172414	0.688888888889	0.311111111111	0.277777777778	0.411111111111	0.35632183908	0.455696202532	0.388888888889	0.444444444444	0.420454545455	0.707317073171	0.411111111111	0.895348837209	0.690476190476	0.977272727273	0.433734939759	0.255555555556	
0.707317073171	0.707317073171	0.670731707317	0.707317073171	0.694117647059	0.707317073171	0.707317073171	0.682926829268	0.707317073171	0.717647058824	0.702380952381	0.576470588235	0.976470588235	0.976470588235	0.952941176471	0.951807228916	0.894117647059	0.670588235294	0.670588235294	0.705882352941	0.333333333333	0.743902439024	0.707317073171	0.707317073171	0.729411764706	0.913580246914	0.917647058824	1.0	1.0	0.988235294118	0.694117647059	0.717647058824	0.294117647059	0.270588235294	0.435294117647	0.352941176471	0.443037974684	0.4	0.41975308642	0.435294117647	0.707317073171	0.435294117647	0.894117647059	0.678571428571	0.976470588235	0.409638554217	0.270588235294	
0.707317073171	0.707317073171	0.670731707317	0.707317073171	0.705882352941	0.707317073171	0.707317073171	0.682926829268	0.707317073171	0.717647058824	0.702380952381	0.576470588235	0.976470588235	0.976470588235	0.952941176471	0.951807228916	0.882352941176	0.682352941176	0.682352941176	0.682352941176	0.333333333333	0.743902439024	0.707317073171	0.707317073171	0.729411764706	0.913580246914	0.905882352941	1.0	0.988235294118	1.0	0.705882352941	0.705882352941	0.294117647059	0.294117647059	0.4	0.329411764706	0.443037974684	0.411764705882	0.432098765432	0.4	0.707317073171	0.411764705882	0.882352941176	0.690476190476	0.964705882353	0.433734939759	0.270588235294	
0.975609756098	0.975609756098	0.939024390244	0.975609756098	0.965517241379	0.975609756098	0.975609756098	0.951219512195	0.975609756098	0.977011494253	0.964285714286	0.581395348837	0.666666666667	0.674418604651	0.64367816092	0.650602409639	0.581395348837	0.941176470588	0.941176470588	0.942528735632	0.320987654321	0.841463414634	0.975609756098	0.975609756098	0.942528735632	0.62962962963	0.604651162791	0.689655172414	0.694117647059	0.705882352941	1.0	0.942528735632	0.229885057471	0.229885057471	0.32183908046	0.298850574713	0.405063291139	0.379310344828	0.395061728395	0.310344827586	0.975609756098	0.32183908046	0.581395348837	0.952380952381	0.655172413793	0.385542168675	0.264367816092	
0.939024390244	0.939024390244	0.90243902439	0.939024390244	0.920454545455	0.939024390244	0.939024390244	0.914634146341	0.939024390244	0.865384615385	0.940476190476	0.593023255814	0.674157303371	0.686046511628	0.655172413793	0.674698795181	0.604651162791	0.905882352941	0.905882352941	1.0	0.320987654321	0.80487804878	0.939024390244	0.939024390244	0.913461538462	0.62962962963	0.627906976744	0.688888888889	0.717647058824	0.705882352941	0.942528735632	1.0	0.221153846154	0.23	0.369565217391	0.32183908046	0.430379746835	0.377777777778	0.41975308642	0.363636363636	0.939024390244	0.340206185567	0.604651162791	0.916666666667	0.681818181818	0.409638554217	0.25	
0.243902439024	0.243902439024	0.243902439024	0.256097560976	0.227272727273	0.243902439024	0.231707317073	0.243902439024	0.231707317073	0.182692307692	0.238095238095	0.302325581395	0.280898876404	0.267441860465	0.333333333333	0.301204819277	0.302325581395	0.235294117647	0.235294117647	0.212765957447	0.296296296296	0.268292682927	0.243902439024	0.243902439024	0.240740740741	0.320987654321	0.313953488372	0.311111111111	0.294117647059	0.294117647059	0.229885057471	0.221153846154	1.0	1.0	0.260869565217	0.287356321839	0.303797468354	0.277777777778	0.296296296296	0.261363636364	0.243902439024	0.247422680412	0.302325581395	0.238095238095	0.284090909091	0.301204819277	0.228260869565	
0.243902439024	0.243902439024	0.243902439024	0.256097560976	0.227272727273	0.243902439024	0.231707317073	0.243902439024	0.231707317073	0.2	0.238095238095	0.313953488372	0.258426966292	0.267441860465	0.310344827586	0.301204819277	0.279069767442	0.235294117647	0.235294117647	0.212765957447	0.283950617284	0.268292682927	0.243902439024	0.243902439024	0.26	0.320987654321	0.290697674419	0.277777777778	0.270588235294	0.294117647059	0.229885057471	0.23	1.0	1.0	0.260869565217	0.264367816092	0.303797468354	0.266666666667	0.296296296296	0.284090909091	0.243902439024	0.247422680412	0.279069767442	0.238095238095	0.261363636364	0.289156626506	0.217391304348	
0.341463414634	0.341463414634	0.365853658537	0.341463414634	0.329545454545	0.341463414634	0.341463414634	0.365853658537	0.341463414634	0.336956521739	0.345238095238	0.395348837209	0.393258426966	0.406976744186	0.413793103448	0.421686746988	0.418604651163	0.317647058824	0.341176470588	0.347826086957	0.333333333333	0.378048780488	0.341463414634	0.341463414634	0.347826086957	0.395061728395	0.418604651163	0.411111111111	0.435294117647	0.4	0.32183908046	0.369565217391	0.260869565217	0.260869565217	1.0	0.35632183908	0.53164556962	0.477777777778	0.530864197531	1.0	0.341463414634	1.0	0.406976744186	0.333333333333	0.409090909091	0.518072289157	0.25	
0.317073170732	0.317073170732	0.292682926829	0.292682926829	0.298850574713	0.30487804878	0.292682926829	0.292682926829	0.30487804878	0.310344827586	0.297619047619	0.325581395349	0.344827586207	0.337209302326	0.333333333333	0.373493975904	0.325581395349	0.305882352941	0.294117647059	0.32183908046	0.296296296296	0.329268292683	0.292682926829	0.317073170732	0.32183908046	0.37037037037	0.337209302326	0.35632183908	0.352941176471	0.329411764706	0.298850574713	0.32183908046	0.287356321839	0.264367816092	0.35632183908	1.0	0.379746835443	0.333333333333	0.37037037037	0.367816091954	0.292682926829	0.367816091954	0.325581395349	0.309523809524	0.344827586207	0.361445783133	0.252873563218	
0.405063291139	0.392405063291	0.379746835443	0.392405063291	0.392405063291	0.405063291139	0.392405063291	0.379746835443	0.405063291139	0.417721518987	0.405063291139	0.430379746835	0.443037974684	0.443037974684	0.455696202532	0.443037974684	0.430379746835	0.417721518987	0.405063291139	0.417721518987	0.291139240506	0.430379746835	0.392405063291	0.430379746835	0.430379746835	0.430379746835	0.430379746835	0.455696202532	0.443037974684	0.443037974684	0.405063291139	0.430379746835	0.303797468354	0.303797468354	0.53164556962	0.379746835443	1.0	1.0	1.0	0.53164556962	0.392405063291	0.53164556962	0.430379746835	0.430379746835	0.430379746835	1.0	0.316455696203	
0.40243902439	0.390243902439	0.378048780488	0.390243902439	0.363636363636	0.40243902439	0.390243902439	0.378048780488	0.40243902439	0.366666666667	0.392857142857	0.383720930233	0.38202247191	0.395348837209	0.425287356322	0.421686746988	0.406976744186	0.4	0.388235294118	0.355555555556	0.283950617284	0.426829268293	0.390243902439	0.426829268293	0.377777777778	0.41975308642	0.406976744186	0.388888888889	0.4	0.411764705882	0.379310344828	0.377777777778	0.277777777778	0.266666666667	0.477777777778	0.333333333333	1.0	1.0	1.0	0.477272727273	0.390243902439	0.477777777778	0.406976744186	0.404761904762	0.375	1.0	0.244444444444	
0.395061728395	0.382716049383	0.37037037037	0.382716049383	0.382716049383	0.395061728395	0.382716049383	0.37037037037	0.395061728395	0.395061728395	0.395061728395	0.407407407407	0.41975308642	0.41975308642	0.456790123457	0.432098765432	0.432098765432	0.407407407407	0.395061728395	0.407407407407	0.296296296296	0.41975308642	0.382716049383	0.41975308642	0.407407407407	0.41975308642	0.432098765432	0.444444444444	0.41975308642	0.432098765432	0.395061728395	0.41975308642	0.296296296296	0.296296296296	0.530864197531	0.37037037037	1.0	1.0	1.0	0.518518518519	0.382716049383	0.530864197531	0.432098765432	0.41975308642	0.407407407407	1.0	0.271604938272	
0.329268292683	0.329268292683	0.353658536585	0.329268292683	0.318181818182	0.329268292683	0.329268292683	0.353658536585	0.329268292683	0.375	0.333333333333	0.383720930233	0.397727272727	0.406976744186	0.413793103448	0.421686746988	0.418604651163	0.317647058824	0.341176470588	0.352272727273	0.333333333333	0.365853658537	0.329268292683	0.329268292683	0.340909090909	0.395061728395	0.418604651163	0.420454545455	0.435294117647	0.4	0.310344827586	0.363636363636	0.261363636364	0.284090909091	1.0	0.367816091954	0.53164556962	0.477272727273	0.518518518519	1.0	0.329268292683	1.0	0.406976744186	0.345238095238	0.409090909091	0.506024096386	0.261363636364	
0.975609756098	0.975609756098	0.939024390244	0.975609756098	0.987804878049	0.975609756098	0.975609756098	0.951219512195	0.975609756098	0.987804878049	0.987804878049	0.585365853659	0.682926829268	0.682926829268	0.658536585366	0.646341463415	0.59756097561	0.90243902439	0.90243902439	0.939024390244	0.333333333333	0.841463414634	0.987804878049	0.975609756098	0.951219512195	0.617283950617	0.621951219512	0.707317073171	0.707317073171	0.707317073171	0.975609756098	0.939024390244	0.243902439024	0.243902439024	0.341463414634	0.292682926829	0.392405063291	0.390243902439	0.382716049383	0.329268292683	1.0	0.341463414634	0.59756097561	0.90243902439	0.682926829268	0.378048780488	0.280487804878	
0.341463414634	0.341463414634	0.365853658537	0.341463414634	0.318181818182	0.341463414634	0.341463414634	0.365853658537	0.341463414634	0.319587628866	0.333333333333	0.383720930233	0.38202247191	0.406976744186	0.402298850575	0.421686746988	0.406976744186	0.317647058824	0.341176470588	0.340425531915	0.345679012346	0.378048780488	0.341463414634	0.341463414634	0.319587628866	0.395061728395	0.406976744186	0.411111111111	0.435294117647	0.411764705882	0.32183908046	0.340206185567	0.247422680412	0.247422680412	1.0	0.367816091954	0.53164556962	0.477777777778	0.530864197531	1.0	0.341463414634	1.0	0.395348837209	0.333333333333	0.397727272727	0.518072289157	0.271739130435	
0.609756097561	0.59756097561	0.560975609756	0.59756097561	0.581395348837	0.609756097561	0.609756097561	0.573170731707	0.609756097561	0.604651162791	0.595238095238	0.558139534884	0.918604651163	0.906976744186	0.941860465116	0.939759036145	0.976744186047	0.564705882353	0.564705882353	0.604651162791	0.358024691358	0.756097560976	0.59756097561	0.621951219512	0.627906976744	0.975308641975	0.976744186047	0.895348837209	0.894117647059	0.882352941176	0.581395348837	0.604651162791	0.302325581395	0.279069767442	0.406976744186	0.325581395349	0.430379746835	0.406976744186	0.432098765432	0.406976744186	0.59756097561	0.395348837209	1.0	0.571428571429	0.918604651163	0.433734939759	0.290697674419	
