a.161	1
1.0	
Fold a.161 solved.

a.160	8
1.0	0.208695652174	0.234782608696	0.219178082192	0.486666666667	0.234482758621	0.201754385965	0.194630872483	
0.208695652174	1.0	0.234782608696	0.269565217391	0.226086956522	0.217391304348	0.245614035088	0.234782608696	
0.234782608696	0.234782608696	1.0	0.217391304348	0.208695652174	0.208695652174	0.701754385965	0.260869565217	
0.219178082192	0.269565217391	0.217391304348	1.0	0.22602739726	0.51724137931	0.219298245614	0.479452054795	
0.486666666667	0.226086956522	0.208695652174	0.22602739726	1.0	0.262068965517	0.210526315789	0.268456375839	
0.234482758621	0.217391304348	0.208695652174	0.51724137931	0.262068965517	1.0	0.201754385965	0.71724137931	
0.201754385965	0.245614035088	0.701754385965	0.219298245614	0.210526315789	0.201754385965	1.0	0.19298245614	
0.194630872483	0.234782608696	0.260869565217	0.479452054795	0.268456375839	0.71724137931	0.19298245614	1.0	
Fold a.160 solved.

b.124	7
1.0	0.432989690722	0.371134020619	0.288659793814	0.979381443299	0.298969072165	0.288659793814	
0.432989690722	1.0	0.283018867925	0.320754716981	0.443298969072	0.320754716981	0.320754716981	
0.371134020619	0.283018867925	1.0	0.285714285714	0.360824742268	0.288288288288	0.290909090909	
0.288659793814	0.320754716981	0.285714285714	1.0	0.288659793814	1.0	1.0	
0.979381443299	0.443298969072	0.360824742268	0.288659793814	1.0	0.278350515464	0.278350515464	
0.298969072165	0.320754716981	0.288288288288	1.0	0.278350515464	1.0	1.0	
0.288659793814	0.320754716981	0.290909090909	1.0	0.278350515464	1.0	1.0	
Fold b.124 solved.

a.162	2
1.0	0.409836065574	
0.409836065574	1.0	
Fold a.162 solved.

a.165	2
1.0	0.989898989899	
0.989898989899	1.0	
Fold a.165 solved.

b.123	8
1.0	0.326923076923	0.350877192982	0.333333333333	0.350877192982	0.336283185841	0.330097087379	0.339622641509	
0.326923076923	1.0	1.0	0.990384615385	1.0	1.0	1.0	1.0	
0.350877192982	1.0	1.0	1.0	1.0	1.0	1.0	1.0	
0.333333333333	0.990384615385	1.0	1.0	1.0	0.991150442478	1.0	0.990566037736	
0.350877192982	1.0	1.0	1.0	1.0	1.0	1.0	1.0	
0.336283185841	1.0	1.0	0.991150442478	1.0	1.0	1.0	1.0	
0.330097087379	1.0	1.0	1.0	1.0	1.0	1.0	1.0	
0.339622641509	1.0	1.0	0.990566037736	1.0	1.0	1.0	1.0	
Fold b.123 solved.

b.121	41
1.0	1.0	0.214285714286	0.235714285714	0.214285714286	0.235714285714	0.214285714286	0.214285714286	0.194244604317	0.195652173913	0.171428571429	0.228571428571	0.205882352941	0.209523809524	0.25	0.245098039216	0.25	0.245098039216	0.245098039216	0.259615384615	0.242990654206	0.235849056604	0.257142857143	0.219047619048	0.196261682243	0.216981132075	0.221428571429	0.221428571429	0.221428571429	0.221428571429	0.235714285714	0.142857142857	0.157142857143	0.171428571429	0.242718446602	0.240384615385	0.207547169811	0.257142857143	0.192857142857	0.228571428571	0.214285714286	
1.0	1.0	0.25	0.25	0.25	0.242647058824	0.25	0.25	0.198529411765	0.191176470588	0.176470588235	0.190476190476	0.21568627451	0.209523809524	0.25	0.245098039216	0.240384615385	0.235294117647	0.245098039216	0.221153846154	0.233644859813	0.198113207547	0.219047619048	0.2	0.196261682243	0.216981132075	0.227941176471	0.227941176471	0.235294117647	0.220588235294	0.220588235294	0.154411764706	0.125	0.176470588235	0.242718446602	0.240384615385	0.207547169811	0.257142857143	0.198529411765	0.235294117647	0.25	
0.214285714286	0.25	1.0	0.168831168831	0.993630573248	0.174496644295	0.993630573248	0.993548387097	0.179856115108	0.195652173913	0.191489361702	0.238095238095	0.235294117647	0.209523809524	0.230769230769	0.21568627451	0.211538461538	0.21568627451	0.21568627451	0.221153846154	0.205607476636	0.216981132075	0.228571428571	0.180952380952	0.177570093458	0.179245283019	0.214765100671	0.174496644295	0.172185430464	0.171974522293	0.205673758865	0.194444444444	0.190476190476	0.216560509554	0.21359223301	0.211538461538	0.207547169811	0.228571428571	0.192857142857	0.207792207792	0.99358974359	
0.235714285714	0.25	0.168831168831	1.0	0.168831168831	1.0	0.168831168831	0.168831168831	0.244604316547	0.231884057971	0.241134751773	0.247619047619	0.264705882353	0.247619047619	0.211538461538	0.254901960784	0.211538461538	0.205882352941	0.254901960784	0.240384615385	0.252336448598	0.254716981132	0.247619047619	0.209523809524	0.205607476636	0.207547169811	0.201342281879	0.221476510067	0.218543046358	0.24025974026	0.177304964539	0.194444444444	0.183673469388	0.201298701299	0.252427184466	0.25	0.254716981132	0.2	0.242857142857	0.194805194805	0.168831168831	
0.214285714286	0.25	0.993630573248	0.168831168831	1.0	0.174496644295	1.0	1.0	0.179856115108	0.18115942029	0.191489361702	0.219047619048	0.235294117647	0.228571428571	0.211538461538	0.225490196078	0.211538461538	0.225490196078	0.225490196078	0.240384615385	0.224299065421	0.235849056604	0.247619047619	0.219047619048	0.214953271028	0.216981132075	0.228187919463	0.181208053691	0.172185430464	0.177215189873	0.219858156028	0.194444444444	0.190476190476	0.229299363057	0.21359223301	0.230769230769	0.22641509434	0.209523809524	0.178571428571	0.220779220779	1.0	
0.235714285714	0.242647058824	0.174496644295	1.0	0.174496644295	1.0	0.174496644295	0.174496644295	0.237410071942	0.231884057971	0.234042553191	0.247619047619	0.245098039216	0.228571428571	0.201923076923	0.21568627451	0.201923076923	0.196078431373	0.235294117647	0.221153846154	0.252336448598	0.254716981132	0.247619047619	0.209523809524	0.214953271028	0.216981132075	0.187919463087	0.221476510067	0.221476510067	0.221476510067	0.205673758865	0.1875	0.190476190476	0.255033557047	0.21359223301	0.230769230769	0.235849056604	0.209523809524	0.235714285714	0.201342281879	0.174496644295	
0.214285714286	0.25	0.993630573248	0.168831168831	1.0	0.174496644295	1.0	1.0	0.179856115108	0.195652173913	0.191489361702	0.238095238095	0.235294117647	0.209523809524	0.211538461538	0.21568627451	0.211538461538	0.21568627451	0.21568627451	0.221153846154	0.205607476636	0.216981132075	0.228571428571	0.2	0.196261682243	0.198113207547	0.214765100671	0.174496644295	0.172185430464	0.171974522293	0.219858156028	0.194444444444	0.190476190476	0.216560509554	0.21359223301	0.211538461538	0.207547169811	0.209523809524	0.192857142857	0.207792207792	1.0	
0.214285714286	0.25	0.993548387097	0.168831168831	1.0	0.174496644295	1.0	1.0	0.179856115108	0.195652173913	0.191489361702	0.219047619048	0.245098039216	0.209523809524	0.211538461538	0.21568627451	0.221153846154	0.21568627451	0.21568627451	0.211538461538	0.214953271028	0.22641509434	0.219047619048	0.2	0.196261682243	0.198113207547	0.214765100671	0.181208053691	0.17880794702	0.187096774194	0.219858156028	0.194444444444	0.190476190476	0.21935483871	0.223300970874	0.211538461538	0.207547169811	0.209523809524	0.192857142857	0.207792207792	1.0	
0.194244604317	0.198529411765	0.179856115108	0.244604316547	0.179856115108	0.237410071942	0.179856115108	0.179856115108	1.0	0.992753623188	1.0	0.209523809524	0.225490196078	0.257142857143	0.240384615385	0.245098039216	0.259615384615	0.264705882353	0.235294117647	0.25	0.233644859813	0.245283018868	0.247619047619	0.247619047619	0.233644859813	0.245283018868	0.208633093525	0.201438848921	0.194244604317	0.187050359712	0.194244604317	0.208633093525	0.223021582734	0.201438848921	0.242718446602	0.259615384615	0.245283018868	0.238095238095	1.0	0.187050359712	0.187050359712	
0.195652173913	0.191176470588	0.195652173913	0.231884057971	0.18115942029	0.231884057971	0.195652173913	0.195652173913	0.992753623188	1.0	1.0	0.219047619048	0.235294117647	0.257142857143	0.240384615385	0.254901960784	0.259615384615	0.264705882353	0.245098039216	0.240384615385	0.233644859813	0.235849056604	0.238095238095	0.238095238095	0.242990654206	0.235849056604	0.173913043478	0.217391304348	0.217391304348	0.188405797101	0.188405797101	0.202898550725	0.202898550725	0.195652173913	0.252427184466	0.259615384615	0.254716981132	0.238095238095	1.0	0.188405797101	0.195652173913	
0.171428571429	0.176470588235	0.191489361702	0.241134751773	0.191489361702	0.234042553191	0.191489361702	0.191489361702	1.0	1.0	1.0	0.219047619048	0.225490196078	0.257142857143	0.240384615385	0.245098039216	0.259615384615	0.274509803922	0.235294117647	0.25	0.233644859813	0.245283018868	0.247619047619	0.228571428571	0.233644859813	0.22641509434	0.198581560284	0.212765957447	0.219858156028	0.205673758865	0.191489361702	0.205673758865	0.219858156028	0.212765957447	0.242718446602	0.259615384615	0.254716981132	0.238095238095	1.0	0.177304964539	0.191489361702	
0.228571428571	0.190476190476	0.238095238095	0.247619047619	0.219047619048	0.247619047619	0.238095238095	0.219047619048	0.209523809524	0.219047619048	0.219047619048	1.0	1.0	0.314285714286	0.307692307692	0.303921568627	0.298076923077	0.303921568627	0.303921568627	0.317307692308	0.32380952381	0.314285714286	0.314285714286	0.314285714286	0.314285714286	0.314285714286	0.238095238095	0.219047619048	0.219047619048	0.266666666667	0.2	0.2	0.209523809524	0.219047619048	0.300970873786	0.317307692308	0.314285714286	0.304761904762	0.219047619048	0.238095238095	0.228571428571	
0.205882352941	0.21568627451	0.235294117647	0.264705882353	0.235294117647	0.245098039216	0.235294117647	0.245098039216	0.225490196078	0.235294117647	0.225490196078	1.0	1.0	0.343137254902	0.313725490196	0.303921568627	0.303921568627	0.303921568627	0.303921568627	0.333333333333	0.323529411765	0.333333333333	0.343137254902	0.323529411765	0.323529411765	0.323529411765	0.254901960784	0.235294117647	0.235294117647	0.303921568627	0.205882352941	0.21568627451	0.205882352941	0.294117647059	0.303921568627	0.333333333333	0.333333333333	0.323529411765	0.235294117647	0.264705882353	0.235294117647	
0.209523809524	0.209523809524	0.209523809524	0.247619047619	0.228571428571	0.228571428571	0.209523809524	0.209523809524	0.257142857143	0.257142857143	0.257142857143	0.314285714286	0.343137254902	1.0	0.548076923077	0.529411764706	0.538461538462	0.529411764706	0.529411764706	0.817307692308	0.809523809524	0.809523809524	0.809523809524	0.390476190476	0.390476190476	0.390476190476	0.152380952381	0.257142857143	0.257142857143	0.285714285714	0.247619047619	0.219047619048	0.219047619048	0.209523809524	0.543689320388	1.0	1.0	0.542857142857	0.257142857143	0.152380952381	0.209523809524	
0.25	0.25	0.230769230769	0.211538461538	0.211538461538	0.201923076923	0.211538461538	0.211538461538	0.240384615385	0.240384615385	0.240384615385	0.307692307692	0.313725490196	0.548076923077	1.0	0.980392156863	0.971153846154	0.970588235294	0.970588235294	0.548076923077	0.528846153846	0.528846153846	0.548076923077	0.480769230769	0.480769230769	0.480769230769	0.192307692308	0.25	0.240384615385	0.221153846154	0.259615384615	0.240384615385	0.240384615385	0.201923076923	0.980582524272	0.528846153846	0.528846153846	1.0	0.240384615385	0.182692307692	0.211538461538	
0.245098039216	0.245098039216	0.21568627451	0.254901960784	0.225490196078	0.21568627451	0.21568627451	0.21568627451	0.245098039216	0.254901960784	0.245098039216	0.303921568627	0.303921568627	0.529411764706	0.980392156863	1.0	1.0	0.990196078431	0.990196078431	0.529411764706	0.539215686275	0.539215686275	0.529411764706	0.490196078431	0.490196078431	0.490196078431	0.196078431373	0.225490196078	0.225490196078	0.186274509804	0.254901960784	0.21568627451	0.21568627451	0.196078431373	1.0	0.539215686275	0.529411764706	0.980392156863	0.245098039216	0.196078431373	0.21568627451	
0.25	0.240384615385	0.211538461538	0.211538461538	0.211538461538	0.201923076923	0.211538461538	0.221153846154	0.259615384615	0.259615384615	0.259615384615	0.298076923077	0.303921568627	0.538461538462	0.971153846154	1.0	1.0	1.0	0.990196078431	0.538461538462	0.519230769231	0.519230769231	0.538461538462	0.480769230769	0.480769230769	0.480769230769	0.192307692308	0.230769230769	0.221153846154	0.182692307692	0.240384615385	0.230769230769	0.230769230769	0.192307692308	1.0	0.519230769231	0.519230769231	0.971153846154	0.259615384615	0.192307692308	0.211538461538	
0.245098039216	0.235294117647	0.21568627451	0.205882352941	0.225490196078	0.196078431373	0.21568627451	0.21568627451	0.264705882353	0.264705882353	0.274509803922	0.303921568627	0.303921568627	0.529411764706	0.970588235294	0.990196078431	1.0	1.0	0.980392156863	0.529411764706	0.529411764706	0.529411764706	0.529411764706	0.490196078431	0.490196078431	0.490196078431	0.225490196078	0.225490196078	0.21568627451	0.186274509804	0.245098039216	0.21568627451	0.21568627451	0.176470588235	0.990196078431	0.529411764706	0.529411764706	0.970588235294	0.264705882353	0.205882352941	0.21568627451	
0.245098039216	0.245098039216	0.21568627451	0.254901960784	0.225490196078	0.235294117647	0.21568627451	0.21568627451	0.235294117647	0.245098039216	0.235294117647	0.303921568627	0.303921568627	0.529411764706	0.970588235294	0.990196078431	0.990196078431	0.980392156863	1.0	0.529411764706	0.539215686275	0.539215686275	0.529411764706	0.490196078431	0.490196078431	0.490196078431	0.196078431373	0.225490196078	0.225490196078	0.186274509804	0.254901960784	0.205882352941	0.205882352941	0.235294117647	0.990196078431	0.539215686275	0.529411764706	0.970588235294	0.235294117647	0.196078431373	0.21568627451	
0.259615384615	0.221153846154	0.221153846154	0.240384615385	0.240384615385	0.221153846154	0.221153846154	0.211538461538	0.25	0.240384615385	0.25	0.317307692308	0.333333333333	0.817307692308	0.548076923077	0.529411764706	0.538461538462	0.529411764706	0.529411764706	1.0	1.0	1.0	1.0	0.394230769231	0.394230769231	0.394230769231	0.221153846154	0.211538461538	0.221153846154	0.278846153846	0.201923076923	0.221153846154	0.230769230769	0.25	0.543689320388	0.807692307692	0.817307692308	0.548076923077	0.25	0.240384615385	0.211538461538	
0.242990654206	0.233644859813	0.205607476636	0.252336448598	0.224299065421	0.252336448598	0.205607476636	0.214953271028	0.233644859813	0.233644859813	0.233644859813	0.32380952381	0.323529411765	0.809523809524	0.528846153846	0.539215686275	0.519230769231	0.529411764706	0.539215686275	1.0	1.0	1.0	1.0	0.390476190476	0.383177570093	0.38679245283	0.224299065421	0.196261682243	0.196261682243	0.280373831776	0.196261682243	0.224299065421	0.224299065421	0.280373831776	0.52427184466	0.807692307692	0.801886792453	0.52380952381	0.233644859813	0.233644859813	0.205607476636	
0.235849056604	0.198113207547	0.216981132075	0.254716981132	0.235849056604	0.254716981132	0.216981132075	0.22641509434	0.245283018868	0.235849056604	0.245283018868	0.314285714286	0.333333333333	0.809523809524	0.528846153846	0.539215686275	0.519230769231	0.529411764706	0.539215686275	1.0	1.0	1.0	1.0	0.390476190476	0.38679245283	0.38679245283	0.22641509434	0.198113207547	0.198113207547	0.264150943396	0.198113207547	0.22641509434	0.22641509434	0.264150943396	0.52427184466	0.807692307692	0.801886792453	0.52380952381	0.245283018868	0.235849056604	0.216981132075	
0.257142857143	0.219047619048	0.228571428571	0.247619047619	0.247619047619	0.247619047619	0.228571428571	0.219047619048	0.247619047619	0.238095238095	0.247619047619	0.314285714286	0.343137254902	0.809523809524	0.548076923077	0.529411764706	0.538461538462	0.529411764706	0.529411764706	1.0	1.0	1.0	1.0	0.390476190476	0.390476190476	0.390476190476	0.209523809524	0.209523809524	0.209523809524	0.266666666667	0.2	0.228571428571	0.228571428571	0.247619047619	0.543689320388	0.807692307692	0.809523809524	0.542857142857	0.247619047619	0.228571428571	0.219047619048	
0.219047619048	0.2	0.180952380952	0.209523809524	0.219047619048	0.209523809524	0.2	0.2	0.247619047619	0.238095238095	0.228571428571	0.314285714286	0.323529411765	0.390476190476	0.480769230769	0.490196078431	0.480769230769	0.490196078431	0.490196078431	0.394230769231	0.390476190476	0.390476190476	0.390476190476	1.0	1.0	1.0	0.209523809524	0.257142857143	0.257142857143	0.247619047619	0.266666666667	0.190476190476	0.2	0.295238095238	0.485436893204	0.394230769231	0.390476190476	0.47619047619	0.238095238095	0.209523809524	0.2	
0.196261682243	0.196261682243	0.177570093458	0.205607476636	0.214953271028	0.214953271028	0.196261682243	0.196261682243	0.233644859813	0.242990654206	0.233644859813	0.314285714286	0.323529411765	0.390476190476	0.480769230769	0.490196078431	0.480769230769	0.490196078431	0.490196078431	0.394230769231	0.383177570093	0.38679245283	0.390476190476	1.0	1.0	1.0	0.168224299065	0.271028037383	0.271028037383	0.242990654206	0.261682242991	0.196261682243	0.205607476636	0.299065420561	0.485436893204	0.394230769231	0.38679245283	0.47619047619	0.242990654206	0.168224299065	0.196261682243	
0.216981132075	0.216981132075	0.179245283019	0.207547169811	0.216981132075	0.216981132075	0.198113207547	0.198113207547	0.245283018868	0.235849056604	0.22641509434	0.314285714286	0.323529411765	0.390476190476	0.480769230769	0.490196078431	0.480769230769	0.490196078431	0.490196078431	0.394230769231	0.38679245283	0.38679245283	0.390476190476	1.0	1.0	1.0	0.207547169811	0.254716981132	0.254716981132	0.245283018868	0.264150943396	0.188679245283	0.198113207547	0.301886792453	0.485436893204	0.394230769231	0.38679245283	0.47619047619	0.235849056604	0.207547169811	0.198113207547	
0.221428571429	0.227941176471	0.214765100671	0.201342281879	0.228187919463	0.187919463087	0.214765100671	0.214765100671	0.208633093525	0.173913043478	0.198581560284	0.238095238095	0.254901960784	0.152380952381	0.192307692308	0.196078431373	0.192307692308	0.225490196078	0.196078431373	0.221153846154	0.224299065421	0.22641509434	0.209523809524	0.209523809524	0.168224299065	0.207547169811	1.0	0.684563758389	0.677852348993	0.208053691275	0.219858156028	0.194444444444	0.190476190476	0.234899328859	0.194174757282	0.153846153846	0.150943396226	0.190476190476	0.2	1.0	0.228187919463	
0.221428571429	0.227941176471	0.174496644295	0.221476510067	0.181208053691	0.221476510067	0.174496644295	0.181208053691	0.201438848921	0.217391304348	0.212765957447	0.219047619048	0.235294117647	0.257142857143	0.25	0.225490196078	0.230769230769	0.225490196078	0.225490196078	0.211538461538	0.196261682243	0.198113207547	0.209523809524	0.257142857143	0.271028037383	0.254716981132	0.684563758389	1.0	0.993288590604	0.221476510067	0.198581560284	0.166666666667	0.197278911565	0.268456375839	0.223300970874	0.25	0.245283018868	0.238095238095	0.214285714286	0.684563758389	0.181208053691	
0.221428571429	0.235294117647	0.172185430464	0.218543046358	0.172185430464	0.221476510067	0.172185430464	0.17880794702	0.194244604317	0.217391304348	0.219858156028	0.219047619048	0.235294117647	0.257142857143	0.240384615385	0.225490196078	0.221153846154	0.21568627451	0.225490196078	0.221153846154	0.196261682243	0.198113207547	0.209523809524	0.257142857143	0.271028037383	0.254716981132	0.677852348993	0.993288590604	1.0	0.192052980132	0.198581560284	0.159722222222	0.197278911565	0.264900662252	0.223300970874	0.25	0.245283018868	0.209523809524	0.221428571429	0.682119205298	0.172185430464	
0.221428571429	0.220588235294	0.171974522293	0.24025974026	0.177215189873	0.221476510067	0.171974522293	0.187096774194	0.187050359712	0.188405797101	0.205673758865	0.266666666667	0.303921568627	0.285714285714	0.221153846154	0.186274509804	0.182692307692	0.186274509804	0.186274509804	0.278846153846	0.280373831776	0.264150943396	0.266666666667	0.247619047619	0.242990654206	0.245283018868	0.208053691275	0.221476510067	0.192052980132	1.0	0.241134751773	0.229166666667	0.21768707483	0.216560509554	0.184466019417	0.269230769231	0.283018867925	0.219047619048	0.185714285714	0.227272727273	0.173076923077	
0.235714285714	0.220588235294	0.205673758865	0.177304964539	0.219858156028	0.205673758865	0.219858156028	0.219858156028	0.194244604317	0.188405797101	0.191489361702	0.2	0.205882352941	0.247619047619	0.259615384615	0.254901960784	0.240384615385	0.245098039216	0.254901960784	0.201923076923	0.196261682243	0.198113207547	0.2	0.266666666667	0.261682242991	0.264150943396	0.219858156028	0.198581560284	0.198581560284	0.241134751773	1.0	0.234042553191	0.248226950355	0.191489361702	0.242718446602	0.221153846154	0.245283018868	0.257142857143	0.192857142857	0.219858156028	0.219858156028	
0.142857142857	0.154411764706	0.194444444444	0.194444444444	0.194444444444	0.1875	0.194444444444	0.194444444444	0.208633093525	0.202898550725	0.205673758865	0.2	0.21568627451	0.219047619048	0.240384615385	0.21568627451	0.230769230769	0.21568627451	0.205882352941	0.221153846154	0.224299065421	0.22641509434	0.228571428571	0.190476190476	0.196261682243	0.188679245283	0.194444444444	0.166666666667	0.159722222222	0.229166666667	0.234042553191	1.0	1.0	0.215277777778	0.233009708738	0.211538461538	0.216981132075	0.247619047619	0.207142857143	0.194444444444	0.194444444444	
0.157142857143	0.125	0.190476190476	0.183673469388	0.190476190476	0.190476190476	0.190476190476	0.190476190476	0.223021582734	0.202898550725	0.219858156028	0.209523809524	0.205882352941	0.219047619048	0.240384615385	0.21568627451	0.230769230769	0.21568627451	0.205882352941	0.230769230769	0.224299065421	0.22641509434	0.228571428571	0.2	0.205607476636	0.198113207547	0.190476190476	0.197278911565	0.197278911565	0.21768707483	0.248226950355	1.0	1.0	0.21768707483	0.233009708738	0.211538461538	0.216981132075	0.247619047619	0.221428571429	0.190476190476	0.190476190476	
0.171428571429	0.176470588235	0.216560509554	0.201298701299	0.229299363057	0.255033557047	0.216560509554	0.21935483871	0.201438848921	0.195652173913	0.212765957447	0.219047619048	0.294117647059	0.209523809524	0.201923076923	0.196078431373	0.192307692308	0.176470588235	0.235294117647	0.25	0.280373831776	0.264150943396	0.247619047619	0.295238095238	0.299065420561	0.301886792453	0.234899328859	0.268456375839	0.264900662252	0.216560509554	0.191489361702	0.215277777778	0.21768707483	1.0	0.203883495146	0.211538461538	0.198113207547	0.2	0.2	0.227272727273	0.217948717949	
0.242718446602	0.242718446602	0.21359223301	0.252427184466	0.21359223301	0.21359223301	0.21359223301	0.223300970874	0.242718446602	0.252427184466	0.242718446602	0.300970873786	0.303921568627	0.543689320388	0.980582524272	1.0	1.0	0.990196078431	0.990196078431	0.543689320388	0.52427184466	0.52427184466	0.543689320388	0.485436893204	0.485436893204	0.485436893204	0.194174757282	0.223300970874	0.223300970874	0.184466019417	0.242718446602	0.233009708738	0.233009708738	0.203883495146	1.0	0.52427184466	0.52427184466	0.980582524272	0.242718446602	0.194174757282	0.21359223301	
0.240384615385	0.240384615385	0.211538461538	0.25	0.230769230769	0.230769230769	0.211538461538	0.211538461538	0.259615384615	0.259615384615	0.259615384615	0.317307692308	0.333333333333	1.0	0.528846153846	0.539215686275	0.519230769231	0.529411764706	0.539215686275	0.807692307692	0.807692307692	0.807692307692	0.807692307692	0.394230769231	0.394230769231	0.394230769231	0.153846153846	0.25	0.25	0.269230769231	0.221153846154	0.211538461538	0.211538461538	0.211538461538	0.52427184466	1.0	1.0	0.528846153846	0.259615384615	0.153846153846	0.211538461538	
0.207547169811	0.207547169811	0.207547169811	0.254716981132	0.22641509434	0.235849056604	0.207547169811	0.207547169811	0.245283018868	0.254716981132	0.254716981132	0.314285714286	0.333333333333	1.0	0.528846153846	0.529411764706	0.519230769231	0.529411764706	0.529411764706	0.817307692308	0.801886792453	0.801886792453	0.809523809524	0.390476190476	0.38679245283	0.38679245283	0.150943396226	0.245283018868	0.245283018868	0.283018867925	0.245283018868	0.216981132075	0.216981132075	0.198113207547	0.52427184466	1.0	1.0	0.52380952381	0.254716981132	0.150943396226	0.207547169811	
0.257142857143	0.257142857143	0.228571428571	0.2	0.209523809524	0.209523809524	0.209523809524	0.209523809524	0.238095238095	0.238095238095	0.238095238095	0.304761904762	0.323529411765	0.542857142857	1.0	0.980392156863	0.971153846154	0.970588235294	0.970588235294	0.548076923077	0.52380952381	0.52380952381	0.542857142857	0.47619047619	0.47619047619	0.47619047619	0.190476190476	0.238095238095	0.209523809524	0.219047619048	0.257142857143	0.247619047619	0.247619047619	0.2	0.980582524272	0.528846153846	0.52380952381	1.0	0.238095238095	0.190476190476	0.209523809524	
0.192857142857	0.198529411765	0.192857142857	0.242857142857	0.178571428571	0.235714285714	0.192857142857	0.192857142857	1.0	1.0	1.0	0.219047619048	0.235294117647	0.257142857143	0.240384615385	0.245098039216	0.259615384615	0.264705882353	0.235294117647	0.25	0.233644859813	0.245283018868	0.247619047619	0.238095238095	0.242990654206	0.235849056604	0.2	0.214285714286	0.221428571429	0.185714285714	0.192857142857	0.207142857143	0.221428571429	0.2	0.242718446602	0.259615384615	0.254716981132	0.238095238095	1.0	0.178571428571	0.192857142857	
0.228571428571	0.235294117647	0.207792207792	0.194805194805	0.220779220779	0.201342281879	0.207792207792	0.207792207792	0.187050359712	0.188405797101	0.177304964539	0.238095238095	0.264705882353	0.152380952381	0.182692307692	0.196078431373	0.192307692308	0.205882352941	0.196078431373	0.240384615385	0.233644859813	0.235849056604	0.228571428571	0.209523809524	0.168224299065	0.207547169811	1.0	0.684563758389	0.682119205298	0.227272727273	0.219858156028	0.194444444444	0.190476190476	0.227272727273	0.194174757282	0.153846153846	0.150943396226	0.190476190476	0.178571428571	1.0	0.220779220779	
0.214285714286	0.25	0.99358974359	0.168831168831	1.0	0.174496644295	1.0	1.0	0.187050359712	0.195652173913	0.191489361702	0.228571428571	0.235294117647	0.209523809524	0.211538461538	0.21568627451	0.211538461538	0.21568627451	0.21568627451	0.211538461538	0.205607476636	0.216981132075	0.219047619048	0.2	0.196261682243	0.198113207547	0.228187919463	0.181208053691	0.172185430464	0.173076923077	0.219858156028	0.194444444444	0.190476190476	0.217948717949	0.21359223301	0.211538461538	0.207547169811	0.209523809524	0.192857142857	0.220779220779	1.0	
Fold b.121 solved.

g.99	1
1.0	
Fold g.99 solved.

g.94	1
1.0	
Fold g.94 solved.

g.97	29
1.0	0.984615384615	1.0	0.96875	1.0	0.984375	0.984615384615	0.984615384615	0.676923076923	0.676923076923	0.676923076923	0.6875	0.692307692308	0.984615384615	0.692307692308	1.0	0.984615384615	0.984375	0.96875	0.476923076923	0.492307692308	0.969230769231	0.984126984127	0.676923076923	0.969230769231	0.692307692308	0.969230769231	0.984615384615	0.984615384615	
0.984615384615	1.0	1.0	0.953125	1.0	0.984375	0.984615384615	0.984615384615	0.676923076923	0.692307692308	0.692307692308	0.6875	0.707692307692	0.969230769231	0.707692307692	1.0	0.969230769231	0.984375	0.984375	0.476923076923	0.492307692308	0.984615384615	0.968253968254	0.676923076923	0.969230769231	0.707692307692	0.984615384615	0.969230769231	0.969230769231	
1.0	1.0	1.0	0.984375	0.986666666667	0.984375	0.973333333333	0.986486486486	0.666666666667	0.681818181818	0.671641791045	0.6875	0.686567164179	0.972972972973	0.676470588235	1.0	0.984848484848	0.984375	0.984375	0.434210526316	0.492307692308	0.984848484848	0.984126984127	0.676923076923	0.985507246377	0.686567164179	0.984615384615	0.986301369863	0.984615384615	
0.96875	0.953125	0.984375	1.0	0.96875	0.9375	0.953125	0.953125	0.671875	0.671875	0.671875	0.6875	0.6875	0.96875	0.6875	0.953125	0.96875	0.953125	0.9375	0.484375	0.5	0.953125	0.952380952381	0.671875	1.0	0.6875	0.953125	0.96875	0.96875	
1.0	1.0	0.986666666667	0.96875	1.0	0.984375	0.986666666667	0.986486486486	0.666666666667	0.681818181818	0.671641791045	0.6875	0.686567164179	0.986486486486	0.676470588235	1.0	0.984848484848	0.984375	0.984375	0.453333333333	0.492307692308	0.969696969697	0.984126984127	0.676923076923	0.95652173913	0.686567164179	0.984615384615	1.0	0.984615384615	
0.984375	0.984375	0.984375	0.9375	0.984375	1.0	0.96875	0.96875	0.6875	0.6875	0.6875	0.6875	0.703125	0.96875	0.703125	0.984375	0.96875	0.96875	0.953125	0.484375	0.5	0.96875	0.984126984127	0.6875	0.953125	0.703125	0.96875	0.96875	0.96875	
0.984615384615	0.984615384615	0.973333333333	0.953125	0.986666666667	0.96875	1.0	1.0	0.681818181818	0.69696969697	0.686567164179	0.671875	0.671641791045	0.972972972973	0.661764705882	0.984375	0.969696969697	0.96875	0.96875	0.466666666667	0.476923076923	0.954545454545	0.968253968254	0.692307692308	0.942028985507	0.671641791045	0.969230769231	0.986301369863	0.969230769231	
0.984615384615	0.984615384615	0.986486486486	0.953125	0.986486486486	0.96875	1.0	1.0	0.681818181818	0.69696969697	0.686567164179	0.671875	0.671641791045	0.959459459459	0.661764705882	0.984375	0.969696969697	0.96875	0.96875	0.459459459459	0.476923076923	0.954545454545	0.968253968254	0.692307692308	0.942028985507	0.671641791045	0.969230769231	0.972602739726	0.969230769231	
0.676923076923	0.676923076923	0.666666666667	0.671875	0.666666666667	0.6875	0.681818181818	0.681818181818	1.0	0.984848484848	1.0	0.984375	0.969696969697	0.651515151515	0.984848484848	0.6875	0.666666666667	0.6875	0.6875	0.560606060606	0.553846153846	0.666666666667	0.666666666667	1.0	0.666666666667	0.984848484848	0.676923076923	0.651515151515	0.676923076923	
0.676923076923	0.692307692308	0.681818181818	0.671875	0.681818181818	0.6875	0.69696969697	0.69696969697	0.984848484848	1.0	1.0	0.984375	0.984848484848	0.651515151515	0.984848484848	0.6875	0.666666666667	0.6875	0.703125	0.560606060606	0.553846153846	0.681818181818	0.666666666667	1.0	0.681818181818	0.984848484848	0.692307692308	0.651515151515	0.676923076923	
0.676923076923	0.692307692308	0.671641791045	0.671875	0.671641791045	0.6875	0.686567164179	0.686567164179	1.0	1.0	1.0	0.984375	0.970149253731	0.641791044776	0.985074626866	0.6875	0.666666666667	0.6875	0.703125	0.55223880597	0.553846153846	0.681818181818	0.666666666667	1.0	0.671641791045	0.985074626866	0.692307692308	0.641791044776	0.676923076923	
0.6875	0.6875	0.6875	0.6875	0.6875	0.6875	0.671875	0.671875	0.984375	0.984375	0.984375	1.0	1.0	0.6875	1.0	0.6875	0.6875	0.6875	0.6875	0.5625	0.578125	0.6875	0.68253968254	0.984375	0.6875	1.0	0.6875	0.6875	0.6875	
0.692307692308	0.707692307692	0.686567164179	0.6875	0.686567164179	0.703125	0.671641791045	0.671641791045	0.969696969697	0.984848484848	0.970149253731	1.0	1.0	0.65671641791	1.0	0.703125	0.681818181818	0.703125	0.71875	0.537313432836	0.569230769231	0.69696969697	0.68253968254	0.984615384615	0.686567164179	0.985074626866	0.707692307692	0.65671641791	0.692307692308	
0.984615384615	0.969230769231	0.972972972973	0.96875	0.986486486486	0.96875	0.972972972973	0.959459459459	0.651515151515	0.651515151515	0.641791044776	0.6875	0.65671641791	1.0	0.647058823529	0.984375	0.969696969697	0.96875	0.953125	0.445945945946	0.492307692308	0.939393939394	0.984126984127	0.661538461538	0.927536231884	0.65671641791	0.953846153846	1.0	0.969230769231	
0.692307692308	0.707692307692	0.676470588235	0.6875	0.676470588235	0.703125	0.661764705882	0.661764705882	0.984848484848	0.984848484848	0.985074626866	1.0	1.0	0.647058823529	1.0	0.703125	0.681818181818	0.703125	0.71875	0.529411764706	0.569230769231	0.69696969697	0.68253968254	0.984615384615	0.676470588235	1.0	0.707692307692	0.647058823529	0.692307692308	
1.0	1.0	1.0	0.953125	1.0	0.984375	0.984375	0.984375	0.6875	0.6875	0.6875	0.6875	0.703125	0.984375	0.703125	1.0	0.984375	0.984375	0.96875	0.484375	0.5	0.984375	0.968253968254	0.6875	0.96875	0.703125	0.984375	0.984375	0.984375	
0.984615384615	0.969230769231	0.984848484848	0.96875	0.984848484848	0.96875	0.969696969697	0.969696969697	0.666666666667	0.666666666667	0.666666666667	0.6875	0.681818181818	0.969696969697	0.681818181818	0.984375	1.0	1.0	0.984375	0.484848484848	0.492307692308	0.969696969697	0.968253968254	0.676923076923	0.969696969697	0.681818181818	0.984615384615	0.969696969697	1.0	
0.984375	0.984375	0.984375	0.953125	0.984375	0.96875	0.96875	0.96875	0.6875	0.6875	0.6875	0.6875	0.703125	0.96875	0.703125	0.984375	1.0	1.0	0.984375	0.484375	0.5	1.0	0.952380952381	0.6875	0.96875	0.703125	1.0	0.96875	1.0	
0.96875	0.984375	0.984375	0.9375	0.984375	0.953125	0.96875	0.96875	0.6875	0.703125	0.703125	0.6875	0.71875	0.953125	0.71875	0.96875	0.984375	0.984375	1.0	0.484375	0.5	1.0	0.936507936508	0.6875	0.96875	0.71875	1.0	0.953125	0.984375	
0.476923076923	0.476923076923	0.434210526316	0.484375	0.453333333333	0.484375	0.466666666667	0.459459459459	0.560606060606	0.560606060606	0.55223880597	0.5625	0.537313432836	0.445945945946	0.529411764706	0.484375	0.484848484848	0.484375	0.484375	1.0	0.984615384615	0.469696969697	0.47619047619	0.569230769231	0.463768115942	0.537313432836	0.476923076923	0.465753424658	0.476923076923	
0.492307692308	0.492307692308	0.492307692308	0.5	0.492307692308	0.5	0.476923076923	0.476923076923	0.553846153846	0.553846153846	0.553846153846	0.578125	0.569230769231	0.492307692308	0.569230769231	0.5	0.492307692308	0.5	0.5	0.984615384615	1.0	0.492307692308	0.492063492063	0.553846153846	0.492307692308	0.569230769231	0.492307692308	0.492307692308	0.492307692308	
0.969230769231	0.984615384615	0.984848484848	0.953125	0.969696969697	0.96875	0.954545454545	0.954545454545	0.666666666667	0.681818181818	0.681818181818	0.6875	0.69696969697	0.939393939394	0.69696969697	0.984375	0.969696969697	1.0	1.0	0.469696969697	0.492307692308	1.0	0.952380952381	0.676923076923	0.969696969697	0.69696969697	1.0	0.939393939394	0.984615384615	
0.984126984127	0.968253968254	0.984126984127	0.952380952381	0.984126984127	0.984126984127	0.968253968254	0.968253968254	0.666666666667	0.666666666667	0.666666666667	0.68253968254	0.68253968254	0.984126984127	0.68253968254	0.968253968254	0.968253968254	0.952380952381	0.936507936508	0.47619047619	0.492063492063	0.952380952381	1.0	0.666666666667	0.952380952381	0.68253968254	0.952380952381	0.984126984127	0.968253968254	
0.676923076923	0.676923076923	0.676923076923	0.671875	0.676923076923	0.6875	0.692307692308	0.692307692308	1.0	1.0	1.0	0.984375	0.984615384615	0.661538461538	0.984615384615	0.6875	0.676923076923	0.6875	0.6875	0.569230769231	0.553846153846	0.676923076923	0.666666666667	1.0	0.676923076923	0.984615384615	0.676923076923	0.661538461538	0.676923076923	
0.969230769231	0.969230769231	0.985507246377	1.0	0.95652173913	0.953125	0.942028985507	0.942028985507	0.666666666667	0.681818181818	0.671641791045	0.6875	0.686567164179	0.927536231884	0.676470588235	0.96875	0.969696969697	0.96875	0.96875	0.463768115942	0.492307692308	0.969696969697	0.952380952381	0.676923076923	1.0	0.686567164179	0.969230769231	0.927536231884	0.969230769231	
0.692307692308	0.707692307692	0.686567164179	0.6875	0.686567164179	0.703125	0.671641791045	0.671641791045	0.984848484848	0.984848484848	0.985074626866	1.0	0.985074626866	0.65671641791	1.0	0.703125	0.681818181818	0.703125	0.71875	0.537313432836	0.569230769231	0.69696969697	0.68253968254	0.984615384615	0.686567164179	1.0	0.707692307692	0.65671641791	0.692307692308	
0.969230769231	0.984615384615	0.984615384615	0.953125	0.984615384615	0.96875	0.969230769231	0.969230769231	0.676923076923	0.692307692308	0.692307692308	0.6875	0.707692307692	0.953846153846	0.707692307692	0.984375	0.984615384615	1.0	1.0	0.476923076923	0.492307692308	1.0	0.952380952381	0.676923076923	0.969230769231	0.707692307692	1.0	0.953846153846	0.984615384615	
0.984615384615	0.969230769231	0.986301369863	0.96875	1.0	0.96875	0.986301369863	0.972602739726	0.651515151515	0.651515151515	0.641791044776	0.6875	0.65671641791	1.0	0.647058823529	0.984375	0.969696969697	0.96875	0.953125	0.465753424658	0.492307692308	0.939393939394	0.984126984127	0.661538461538	0.927536231884	0.65671641791	0.953846153846	1.0	0.969230769231	
0.984615384615	0.969230769231	0.984615384615	0.96875	0.984615384615	0.96875	0.969230769231	0.969230769231	0.676923076923	0.676923076923	0.676923076923	0.6875	0.692307692308	0.969230769231	0.692307692308	0.984375	1.0	1.0	0.984375	0.476923076923	0.492307692308	0.984615384615	0.968253968254	0.676923076923	0.969230769231	0.692307692308	0.984615384615	0.969230769231	1.0	
Fold g.97 solved.

g.90	2
1.0	0.583333333333	
0.583333333333	1.0	
Fold g.90 solved.

f.45	1
1.0	
Fold f.45 solved.

a.220	1
1.0	
Fold a.220 solved.

a.221	3
1.0	1.0	1.0	
1.0	1.0	1.0	
1.0	1.0	1.0	
Fold a.221 solved.

a.226	1
1.0	
Fold a.226 solved.

f.48	1
1.0	
Fold f.48 solved.

a.73	47
1.0	0.969465648855	0.18320610687	0.18320610687	0.175572519084	0.18320610687	0.175572519084	0.175572519084	0.206106870229	0.198473282443	0.190839694656	0.175572519084	0.175572519084	0.18320610687	0.160305343511	0.190839694656	0.175572519084	0.18320610687	0.18320610687	0.175572519084	0.175572519084	0.278260869565	0.24427480916	0.229007633588	0.18320610687	0.18320610687	0.18320610687	0.24427480916	0.24427480916	0.977099236641	0.228346456693	0.24347826087	0.225806451613	0.224	0.227642276423	0.24427480916	0.274809160305	0.18320610687	0.175572519084	0.198473282443	0.222222222222	0.175572519084	0.18320610687	0.18320610687	0.18320610687	0.24347826087	0.267175572519	
0.969465648855	1.0	0.19696969697	0.19696969697	0.189393939394	0.19696969697	0.189393939394	0.181818181818	0.219696969697	0.212121212121	0.204545454545	0.189393939394	0.174242424242	0.19696969697	0.19696969697	0.19696969697	0.189393939394	0.189393939394	0.189393939394	0.181818181818	0.181818181818	0.278260869565	0.242424242424	0.234848484848	0.189393939394	0.189393939394	0.189393939394	0.234848484848	0.234848484848	0.977272727273	0.228346456693	0.252173913043	0.233870967742	0.232	0.235772357724	0.257575757576	0.287878787879	0.227272727273	0.189393939394	0.212121212121	0.230158730159	0.189393939394	0.189393939394	0.219696969697	0.189393939394	0.252173913043	0.265151515152	
0.18320610687	0.19696969697	1.0	0.986301369863	0.985185185185	0.993150684932	0.992592592593	0.993055555556	0.986301369863	0.985185185185	0.952054794521	0.992592592593	0.992700729927	0.993150684932	0.992537313433	0.979452054795	1.0	0.972602739726	1.0	0.978102189781	0.992700729927	0.278260869565	0.216417910448	0.214285714286	0.979452054795	1.0	0.986301369863	0.659722222222	0.645833333333	0.19696969697	0.259842519685	0.252173913043	0.258064516129	0.256	0.260162601626	0.278195488722	0.29197080292	0.944055944056	1.0	0.992647058824	0.253968253968	0.979452054795	0.979452054795	0.943661971831	1.0	0.260869565217	0.643356643357	
0.18320610687	0.19696969697	0.986301369863	1.0	1.0	0.993150684932	0.992592592593	0.979166666667	0.986301369863	0.985185185185	0.965753424658	0.977777777778	0.978102189781	0.979452054795	0.977611940299	0.965753424658	0.985185185185	0.958904109589	0.986301369863	0.963503649635	0.978102189781	0.278260869565	0.238805970149	0.214285714286	0.965753424658	0.986301369863	0.972602739726	0.659722222222	0.645833333333	0.19696969697	0.244094488189	0.234782608696	0.241935483871	0.24	0.243902439024	0.278195488722	0.29197080292	0.958041958042	0.985294117647	0.992647058824	0.238095238095	0.993150684932	0.965753424658	0.957746478873	0.986301369863	0.24347826087	0.65034965035	
0.175572519084	0.189393939394	0.985185185185	1.0	1.0	0.992592592593	0.992592592593	0.97037037037	0.985185185185	0.985185185185	0.962962962963	0.977777777778	0.977777777778	0.977777777778	0.977611940299	0.962962962963	0.985185185185	0.955555555556	0.985185185185	0.97037037037	0.985185185185	0.252173913043	0.216417910448	0.222222222222	0.97037037037	0.985185185185	0.97037037037	0.674074074074	0.659259259259	0.174242424242	0.228346456693	0.234782608696	0.225806451613	0.224	0.227642276423	0.248120300752	0.274074074074	0.933333333333	0.985185185185	0.918518518519	0.222222222222	0.992592592593	0.962962962963	0.925925925926	0.985185185185	0.24347826087	0.651851851852	
0.18320610687	0.19696969697	0.993150684932	0.993150684932	0.992592592593	1.0	1.0	0.986111111111	0.993150684932	0.992592592593	0.958904109589	0.985185185185	0.985401459854	0.986301369863	0.985074626866	0.972602739726	0.992592592593	0.965753424658	0.993150684932	0.970802919708	0.985401459854	0.260869565217	0.223880597015	0.228571428571	0.972602739726	0.993150684932	0.979452054795	0.659722222222	0.645833333333	0.19696969697	0.236220472441	0.226086956522	0.233870967742	0.232	0.235772357724	0.278195488722	0.29197080292	0.951048951049	0.992647058824	0.992647058824	0.230158730159	0.986301369863	0.972602739726	0.950704225352	0.993150684932	0.234782608696	0.643356643357	
