d.63	2
1.0	1.0	
1.0	1.0	
Fold d.63 solved.

d.51	54
1.0	1.0	0.188405797101	0.173913043478	0.246376811594	0.246376811594	0.202898550725	0.304347826087	0.217391304348	0.202898550725	0.275362318841	0.217391304348	0.246376811594	0.188405797101	0.231884057971	0.246376811594	0.260869565217	0.275362318841	0.173913043478	0.188405797101	0.202898550725	0.260869565217	0.188405797101	0.217391304348	0.188405797101	0.202898550725	0.202898550725	0.231884057971	0.246376811594	0.231884057971	0.231884057971	0.289855072464	0.231884057971	0.231884057971	0.173913043478	0.202898550725	0.275362318841	0.231884057971	0.202898550725	0.260869565217	0.260869565217	1.0	0.260869565217	0.217391304348	0.188405797101	0.231884057971	0.169230769231	0.202898550725	0.217391304348	0.420289855072	0.246376811594	0.289855072464	0.231884057971	0.202898550725	
1.0	1.0	0.197183098592	0.179487179487	0.263157894737	0.26582278481	0.151898734177	0.278481012658	0.246575342466	0.197368421053	0.215189873418	0.214285714286	0.211267605634	0.178082191781	0.2	0.217391304348	0.213333333333	0.26582278481	0.164556962025	0.139240506329	0.20253164557	0.240506329114	0.177215189873	0.189873417722	0.169014084507	0.191780821918	0.202898550725	0.25	0.211267605634	0.208333333333	0.214285714286	0.26582278481	0.253164556962	0.267605633803	0.208333333333	0.191780821918	0.30985915493	0.164556962025	0.177215189873	0.26582278481	0.253164556962	1.0	0.253164556962	0.24	0.225352112676	0.260273972603	0.169230769231	0.177215189873	0.197183098592	0.455696202532	0.215189873418	0.285714285714	0.20253164557	0.152777777778	
0.188405797101	0.197183098592	1.0	0.295774647887	0.338028169014	0.338028169014	0.281690140845	0.239436619718	0.295774647887	0.281690140845	0.30985915493	0.328571428571	0.281690140845	0.30985915493	0.314285714286	0.31884057971	0.281690140845	0.30985915493	0.169014084507	0.267605633803	0.253521126761	0.211267605634	0.253521126761	0.30985915493	0.281690140845	0.295774647887	0.304347826087	0.352112676056	0.295774647887	0.295774647887	0.328571428571	0.267605633803	0.338028169014	0.338028169014	0.323943661972	0.408450704225	0.267605633803	0.633802816901	0.253521126761	0.323943661972	0.30985915493	0.169014084507	0.366197183099	0.338028169014	0.30985915493	0.338028169014	0.323076923077	0.267605633803	0.295774647887	0.239436619718	0.323943661972	0.271428571429	0.295774647887	0.408450704225	
0.173913043478	0.179487179487	0.295774647887	1.0	0.263157894737	0.269230769231	0.24358974359	0.24358974359	0.232876712329	0.223684210526	0.230769230769	0.214285714286	0.239436619718	0.260273972603	0.242857142857	0.246376811594	0.24	0.307692307692	0.179487179487	0.230769230769	0.294871794872	0.333333333333	0.25641025641	0.179487179487	0.239436619718	0.219178082192	0.231884057971	0.210526315789	0.239436619718	0.222222222222	0.228571428571	0.230769230769	0.25641025641	0.267605633803	0.263888888889	0.205479452055	0.253521126761	0.230769230769	0.320512820513	0.179487179487	0.179487179487	0.171052631579	0.217948717949	0.213333333333	0.239436619718	0.27397260274	0.830769230769	0.294871794872	0.239436619718	0.205128205128	0.25641025641	0.257142857143	0.24358974359	0.25	
0.246376811594	0.263157894737	0.338028169014	0.263157894737	1.0	0.986842105263	0.236842105263	0.210526315789	0.356164383562	0.355263157895	0.355263157895	0.485714285714	0.338028169014	0.506849315068	0.342857142857	0.347826086957	0.333333333333	0.276315789474	0.210526315789	0.302631578947	0.289473684211	0.289473684211	0.263157894737	0.236842105263	0.239436619718	0.383561643836	0.391304347826	0.328947368421	0.366197183099	0.375	0.371428571429	0.289473684211	0.986842105263	1.0	0.375	0.287671232877	0.239436619718	0.276315789474	0.289473684211	0.315789473684	0.315789473684	0.25	0.368421052632	0.333333333333	0.338028169014	1.0	0.292307692308	0.289473684211	0.380281690141	0.210526315789	0.315789473684	0.314285714286	0.342105263158	0.291666666667	
0.246376811594	0.26582278481	0.338028169014	0.269230769231	0.986842105263	1.0	0.202380952381	0.179775280899	0.328767123288	0.328947368421	0.302325581395	0.457142857143	0.323943661972	0.479452054795	0.328571428571	0.333333333333	0.306666666667	0.23595505618	0.2	0.258426966292	0.258426966292	0.280898876404	0.25	0.246913580247	0.253521126761	0.356164383562	0.376811594203	0.328947368421	0.352112676056	0.347222222222	0.357142857143	0.258426966292	0.987341772152	0.985915492958	0.375	0.27397260274	0.225352112676	0.253164556962	0.277108433735	0.292134831461	0.303370786517	0.236842105263	0.314606741573	0.346666666667	0.323943661972	0.986301369863	0.292307692308	0.258426966292	0.366197183099	0.202380952381	0.270588235294	0.3	0.313253012048	0.277777777778	
0.202898550725	0.151898734177	0.281690140845	0.24358974359	0.236842105263	0.202380952381	1.0	0.25	0.260273972603	0.289473684211	0.25	0.171428571429	0.281690140845	0.205479452055	0.285714285714	0.289855072464	0.266666666667	0.321428571429	0.1875	0.27380952381	0.22619047619	0.202380952381	0.238095238095	0.234567901235	0.281690140845	0.315068493151	0.31884057971	0.263157894737	0.295774647887	0.291666666667	0.3	0.345238095238	0.253164556962	0.253521126761	0.222222222222	0.246575342466	0.295774647887	0.291139240506	0.433734939759	0.202380952381	0.202380952381	0.184210526316	0.22619047619	0.28	0.267605633803	0.219178082192	0.261538461538	0.428571428571	0.323943661972	0.27380952381	0.202380952381	0.285714285714	0.253012048193	0.25	
0.304347826087	0.278481012658	0.239436619718	0.24358974359	0.210526315789	0.179775280899	0.25	1.0	0.27397260274	0.289473684211	0.267441860465	0.2	0.267605633803	0.246575342466	0.257142857143	0.260869565217	0.24	0.25	0.225	0.211538461538	0.269662921348	0.252747252747	0.285714285714	0.271604938272	0.281690140845	0.246575342466	0.217391304348	0.236842105263	0.253521126761	0.25	0.257142857143	0.25	0.215189873418	0.239436619718	0.263888888889	0.246575342466	0.267605633803	0.215189873418	0.325301204819	0.438202247191	0.41935483871	0.289473684211	0.252747252747	0.24	0.239436619718	0.232876712329	0.307692307692	0.3	0.253521126761	0.27380952381	0.235294117647	0.228571428571	0.265060240964	0.25	
0.217391304348	0.246575342466	0.295774647887	0.232876712329	0.356164383562	0.328767123288	0.260273972603	0.27397260274	1.0	0.890410958904	0.890410958904	0.385714285714	0.253521126761	0.356164383562	0.257142857143	0.260869565217	0.246575342466	0.356164383562	0.164383561644	0.287671232877	0.27397260274	0.191780821918	0.219178082192	0.27397260274	0.211267605634	0.260273972603	0.275362318841	0.369863013699	0.267605633803	0.263888888889	0.285714285714	0.397260273973	0.342465753425	0.352112676056	0.375	0.369863013699	0.267605633803	0.287671232877	0.246575342466	0.246575342466	0.246575342466	0.246575342466	0.342465753425	0.356164383562	0.253521126761	0.342465753425	0.2	0.246575342466	0.267605633803	0.246575342466	0.301369863014	0.314285714286	0.890410958904	0.375	
0.202898550725	0.197368421053	0.281690140845	0.223684210526	0.355263157895	0.328947368421	0.289473684211	0.289473684211	0.890410958904	1.0	0.973684210526	0.414285714286	0.295774647887	0.397260273973	0.285714285714	0.289855072464	0.266666666667	0.342105263158	0.144736842105	0.289473684211	0.289473684211	0.210526315789	0.25	0.25	0.169014084507	0.27397260274	0.289855072464	0.328947368421	0.281690140845	0.277777777778	0.285714285714	0.328947368421	0.342105263158	0.366197183099	0.361111111111	0.356164383562	0.253521126761	0.276315789474	0.263157894737	0.236842105263	0.25	0.197368421053	0.342105263158	0.333333333333	0.267605633803	0.356164383562	0.276923076923	0.263157894737	0.281690140845	0.223684210526	0.263157894737	0.314285714286	0.973684210526	0.361111111111	
0.275362318841	0.215189873418	0.30985915493	0.230769230769	0.355263157895	0.302325581395	0.25	0.267441860465	0.890410958904	0.973684210526	1.0	0.414285714286	0.267605633803	0.397260273973	0.285714285714	0.275362318841	0.266666666667	0.313953488372	0.175	0.267441860465	0.244186046512	0.255813953488	0.202380952381	0.259259259259	0.183098591549	0.301369863014	0.289855072464	0.368421052632	0.295774647887	0.291666666667	0.285714285714	0.313953488372	0.341772151899	0.366197183099	0.375	0.397260273973	0.281690140845	0.291139240506	0.265060240964	0.279069767442	0.267441860465	0.210526315789	0.290697674419	0.36	0.281690140845	0.369863013699	0.246153846154	0.267441860465	0.295774647887	0.190476190476	0.235294117647	0.328571428571	1.0	0.375	
0.217391304348	0.214285714286	0.328571428571	0.214285714286	0.485714285714	0.457142857143	0.171428571429	0.2	0.385714285714	0.414285714286	0.414285714286	1.0	0.342857142857	0.928571428571	0.328571428571	0.31884057971	0.357142857143	0.242857142857	0.257142857143	0.285714285714	0.285714285714	0.257142857143	0.271428571429	0.271428571429	0.228571428571	0.371428571429	0.36231884058	0.357142857143	0.342857142857	0.357142857143	0.342857142857	0.271428571429	0.471428571429	0.471428571429	0.257142857143	0.285714285714	0.242857142857	0.342857142857	0.242857142857	0.328571428571	0.328571428571	0.228571428571	0.342857142857	0.342857142857	0.328571428571	0.485714285714	0.261538461538	0.257142857143	0.357142857143	0.228571428571	0.242857142857	0.271428571429	0.414285714286	0.285714285714	
0.246376811594	0.211267605634	0.281690140845	0.239436619718	0.338028169014	0.323943661972	0.281690140845	0.267605633803	0.253521126761	0.295774647887	0.267605633803	0.342857142857	1.0	0.323943661972	1.0	1.0	1.0	0.281690140845	0.281690140845	0.253521126761	0.338028169014	0.239436619718	0.323943661972	0.211267605634	0.154929577465	0.901408450704	0.927536231884	0.30985915493	0.915492957746	0.915492957746	0.928571428571	0.253521126761	0.338028169014	0.338028169014	0.281690140845	0.323943661972	0.30985915493	0.281690140845	0.239436619718	0.253521126761	0.267605633803	0.239436619718	0.323943661972	0.30985915493	0.985915492958	0.338028169014	0.215384615385	0.253521126761	0.901408450704	0.211267605634	0.366197183099	0.328571428571	0.267605633803	0.323943661972	
0.188405797101	0.178082191781	0.30985915493	0.260273972603	0.506849315068	0.479452054795	0.205479452055	0.246575342466	0.356164383562	0.397260273973	0.397260273973	0.928571428571	0.323943661972	1.0	0.328571428571	0.333333333333	0.315068493151	0.260273972603	0.191780821918	0.27397260274	0.287671232877	0.260273972603	0.301369863014	0.287671232877	0.225352112676	0.356164383562	0.36231884058	0.328767123288	0.338028169014	0.333333333333	0.342857142857	0.232876712329	0.520547945205	0.521126760563	0.277777777778	0.27397260274	0.239436619718	0.301369863014	0.315068493151	0.356164383562	0.356164383562	0.164383561644	0.342465753425	0.315068493151	0.30985915493	0.493150684932	0.246153846154	0.315068493151	0.352112676056	0.205479452055	0.246575342466	0.314285714286	0.41095890411	0.277777777778	
0.231884057971	0.2	0.314285714286	0.242857142857	0.342857142857	0.328571428571	0.285714285714	0.257142857143	0.257142857143	0.285714285714	0.285714285714	0.328571428571	1.0	0.328571428571	1.0	1.0	1.0	0.285714285714	0.285714285714	0.257142857143	0.342857142857	0.242857142857	0.328571428571	0.257142857143	0.142857142857	0.914285714286	0.927536231884	0.314285714286	0.928571428571	0.928571428571	0.928571428571	0.257142857143	0.342857142857	0.342857142857	0.271428571429	0.342857142857	0.314285714286	0.285714285714	0.257142857143	0.257142857143	0.271428571429	0.228571428571	0.342857142857	0.314285714286	1.0	0.342857142857	0.215384615385	0.257142857143	0.914285714286	0.214285714286	0.371428571429	0.328571428571	0.285714285714	0.342857142857	
0.246376811594	0.217391304348	0.31884057971	0.246376811594	0.347826086957	0.333333333333	0.289855072464	0.260869565217	0.260869565217	0.289855072464	0.275362318841	0.31884057971	1.0	0.333333333333	1.0	1.0	1.0	0.289855072464	0.275362318841	0.275362318841	0.347826086957	0.231884057971	0.333333333333	0.246376811594	0.144927536232	0.927536231884	0.927536231884	0.31884057971	0.942028985507	0.942028985507	0.942028985507	0.260869565217	0.347826086957	0.347826086957	0.275362318841	0.333333333333	0.31884057971	0.289855072464	0.246376811594	0.260869565217	0.275362318841	0.246376811594	0.347826086957	0.31884057971	1.0	0.347826086957	0.215384615385	0.246376811594	0.927536231884	0.231884057971	0.36231884058	0.333333333333	0.275362318841	0.333333333333	
0.260869565217	0.213333333333	0.281690140845	0.24	0.333333333333	0.306666666667	0.266666666667	0.24	0.246575342466	0.266666666667	0.266666666667	0.357142857143	1.0	0.315068493151	1.0	1.0	1.0	0.266666666667	0.253333333333	0.253333333333	0.32	0.24	0.306666666667	0.213333333333	0.154929577465	0.931506849315	0.942028985507	0.293333333333	0.943661971831	0.944444444444	0.957142857143	0.226666666667	0.32	0.352112676056	0.277777777778	0.328767123288	0.30985915493	0.266666666667	0.2	0.266666666667	0.253333333333	0.24	0.333333333333	0.293333333333	1.0	0.342465753425	0.2	0.213333333333	0.929577464789	0.213333333333	0.346666666667	0.328571428571	0.266666666667	0.333333333333	
0.275362318841	0.26582278481	0.30985915493	0.307692307692	0.276315789474	0.23595505618	0.321428571429	0.25	0.356164383562	0.342105263158	0.313953488372	0.242857142857	0.281690140845	0.260273972603	0.285714285714	0.289855072464	0.266666666667	1.0	0.2375	0.426229508197	0.269662921348	0.285714285714	0.25	0.308641975309	0.323943661972	0.301369863014	0.304347826087	0.328947368421	0.30985915493	0.305555555556	0.3	0.671641791045	0.278481012658	0.30985915493	0.305555555556	0.315068493151	0.253521126761	0.20253164557	0.289156626506	0.258426966292	0.258064516129	0.263157894737	0.318681318681	0.32	0.295774647887	0.287671232877	0.246153846154	0.277777777778	0.30985915493	0.261904761905	0.294117647059	0.271428571429	0.301204819277	0.361111111111	
0.173913043478	0.164556962025	0.169014084507	0.179487179487	0.210526315789	0.2	0.1875	0.225	0.164383561644	0.144736842105	0.175	0.257142857143	0.281690140845	0.191780821918	0.285714285714	0.275362318841	0.253333333333	0.2375	1.0	0.2375	0.2	0.225	0.2125	0.1875	0.183098591549	0.260273972603	0.260869565217	0.184210526316	0.225352112676	0.236111111111	0.228571428571	0.2875	0.227848101266	0.239436619718	0.208333333333	0.205479452055	0.197183098592	0.177215189873	0.2	0.2375	0.25	0.171052631579	0.225	0.186666666667	0.295774647887	0.246575342466	0.138461538462	0.2125	0.253521126761	0.2	0.225	0.171428571429	0.175	0.208333333333	
0.188405797101	0.139240506329	0.267605633803	0.230769230769	0.302631578947	0.258426966292	0.27380952381	0.211538461538	0.287671232877	0.289473684211	0.267441860465	0.285714285714	0.253521126761	0.27397260274	0.257142857143	0.275362318841	0.253333333333	0.426229508197	0.2375	1.0	0.247191011236	0.175824175824	0.25	0.296296296296	0.30985915493	0.260273972603	0.289855072464	0.342105263158	0.267605633803	0.263888888889	0.271428571429	0.418032786885	0.303797468354	0.295774647887	0.305555555556	0.315068493151	0.281690140845	0.240506329114	0.373493975904	0.303370786517	0.236559139785	0.184210526316	0.307692307692	0.333333333333	0.281690140845	0.315068493151	0.307692307692	0.344444444444	0.267605633803	0.22619047619	0.258823529412	0.271428571429	0.253012048193	0.333333333333	
0.202898550725	0.20253164557	0.253521126761	0.294871794872	0.289473684211	0.258426966292	0.22619047619	0.269662921348	0.27397260274	0.289473684211	0.244186046512	0.285714285714	0.338028169014	0.287671232877	0.342857142857	0.347826086957	0.32	0.269662921348	0.2	0.247191011236	1.0	0.280898876404	0.309523809524	0.222222222222	0.253521126761	0.315068493151	0.333333333333	0.289473684211	0.338028169014	0.333333333333	0.328571428571	0.269662921348	0.26582278481	0.281690140845	0.305555555556	0.232876712329	0.281690140845	0.240506329114	0.277108433735	0.202247191011	0.213483146067	0.210526315789	0.258426966292	0.293333333333	0.338028169014	0.287671232877	0.276923076923	0.269662921348	0.338028169014	0.238095238095	0.223529411765	0.257142857143	0.265060240964	0.236111111111	
0.260869565217	0.240506329114	0.211267605634	0.333333333333	0.289473684211	0.280898876404	0.202380952381	0.252747252747	0.191780821918	0.210526315789	0.255813953488	0.257142857143	0.239436619718	0.260273972603	0.242857142857	0.231884057971	0.24	0.285714285714	0.225	0.175824175824	0.280898876404	1.0	0.309523809524	0.358024691358	0.267605633803	0.219178082192	0.217391304348	0.263157894737	0.211267605634	0.222222222222	0.228571428571	0.252747252747	0.291139240506	0.295774647887	0.291666666667	0.191780821918	0.295774647887	0.215189873418	0.204819277108	0.247191011236	0.263736263736	0.25	0.252747252747	0.266666666667	0.239436619718	0.301369863014	0.276923076923	0.2	0.211267605634	0.345238095238	0.188235294118	0.357142857143	0.265060240964	0.194444444444	
0.188405797101	0.177215189873	0.253521126761	0.25641025641	0.263157894737	0.25	0.238095238095	0.285714285714	0.219178082192	0.25	0.202380952381	0.271428571429	0.323943661972	0.301369863014	0.328571428571	0.333333333333	0.306666666667	0.25	0.2125	0.25	0.309523809524	0.309523809524	1.0	0.320987654321	0.267605633803	0.342465753425	0.36231884058	0.276315789474	0.352112676056	0.347222222222	0.357142857143	0.22619047619	0.253164556962	0.281690140845	0.263888888889	0.232876712329	0.338028169014	0.215189873418	0.265060240964	0.261904761905	0.238095238095	0.131578947368	0.27380952381	0.28	0.323943661972	0.27397260274	0.261538461538	0.238095238095	0.352112676056	0.22619047619	0.261904761905	0.3	0.228915662651	0.277777777778	
0.217391304348	0.189873417722	0.30985915493	0.179487179487	0.236842105263	0.246913580247	0.234567901235	0.271604938272	0.27397260274	0.25	0.259259259259	0.271428571429	0.211267605634	0.287671232877	0.257142857143	0.246376811594	0.213333333333	0.308641975309	0.1875	0.296296296296	0.222222222222	0.358024691358	0.320987654321	1.0	0.323943661972	0.246575342466	0.275362318841	0.289473684211	0.253521126761	0.263888888889	0.271428571429	0.259259259259	0.227848101266	0.253521126761	0.194444444444	0.328767123288	0.30985915493	0.240506329114	0.246913580247	0.308641975309	0.308641975309	0.197368421053	0.320987654321	0.32	0.267605633803	0.246575342466	0.230769230769	0.246913580247	0.253521126761	0.246913580247	0.172839506173	0.285714285714	0.259259259259	0.333333333333	
0.188405797101	0.169014084507	0.281690140845	0.239436619718	0.239436619718	0.253521126761	0.281690140845	0.281690140845	0.211267605634	0.169014084507	0.183098591549	0.228571428571	0.154929577465	0.225352112676	0.142857142857	0.144927536232	0.154929577465	0.323943661972	0.183098591549	0.30985915493	0.253521126761	0.267605633803	0.267605633803	0.323943661972	1.0	0.169014084507	0.159420289855	0.295774647887	0.183098591549	0.169014084507	0.185714285714	0.338028169014	0.225352112676	0.239436619718	0.183098591549	0.225352112676	0.295774647887	0.267605633803	0.295774647887	0.267605633803	0.281690140845	0.197183098592	0.281690140845	0.30985915493	0.12676056338	0.239436619718	0.292307692308	0.295774647887	0.183098591549	0.30985915493	0.323943661972	0.242857142857	0.183098591549	0.211267605634	
0.202898550725	0.191780821918	0.295774647887	0.219178082192	0.383561643836	0.356164383562	0.315068493151	0.246575342466	0.260273972603	0.27397260274	0.301369863014	0.371428571429	0.901408450704	0.356164383562	0.914285714286	0.927536231884	0.931506849315	0.301369863014	0.260273972603	0.260273972603	0.315068493151	0.219178082192	0.342465753425	0.246575342466	0.169014084507	1.0	1.0	0.342465753425	0.985915492958	0.986111111111	0.985714285714	0.191780821918	0.369863013699	0.408450704225	0.263888888889	0.342465753425	0.30985915493	0.287671232877	0.260273972603	0.301369863014	0.27397260274	0.191780821918	0.342465753425	0.342465753425	0.915492957746	0.369863013699	0.184615384615	0.260273972603	1.0	0.205479452055	0.356164383562	0.328571428571	0.301369863014	0.347222222222	
0.202898550725	0.202898550725	0.304347826087	0.231884057971	0.391304347826	0.376811594203	0.31884057971	0.217391304348	0.275362318841	0.289855072464	0.289855072464	0.36231884058	0.927536231884	0.36231884058	0.927536231884	0.927536231884	0.942028985507	0.304347826087	0.260869565217	0.289855072464	0.333333333333	0.217391304348	0.36231884058	0.275362318841	0.159420289855	1.0	1.0	0.36231884058	0.985507246377	0.985507246377	0.985507246377	0.246376811594	0.391304347826	0.391304347826	0.275362318841	0.36231884058	0.31884057971	0.304347826087	0.275362318841	0.304347826087	0.289855072464	0.202898550725	0.347826086957	0.36231884058	0.942028985507	0.391304347826	0.184615384615	0.275362318841	1.0	0.217391304348	0.376811594203	0.333333333333	0.289855072464	0.36231884058	
0.231884057971	0.25	0.352112676056	0.210526315789	0.328947368421	0.328947368421	0.263157894737	0.236842105263	0.369863013699	0.328947368421	0.368421052632	0.357142857143	0.30985915493	0.328767123288	0.314285714286	0.31884057971	0.293333333333	0.328947368421	0.184210526316	0.342105263158	0.289473684211	0.263157894737	0.276315789474	0.289473684211	0.295774647887	0.342465753425	0.36231884058	1.0	0.352112676056	0.347222222222	0.342857142857	0.315789473684	0.342105263158	0.352112676056	0.277777777778	0.328767123288	0.352112676056	0.289473684211	0.276315789474	0.197368421053	0.197368421053	0.210526315789	0.394736842105	1.0	0.30985915493	0.342465753425	0.261538461538	0.276315789474	0.352112676056	0.263157894737	0.263157894737	0.357142857143	0.368421052632	0.305555555556	
0.246376811594	0.211267605634	0.295774647887	0.239436619718	0.366197183099	0.352112676056	0.295774647887	0.253521126761	0.267605633803	0.281690140845	0.295774647887	0.342857142857	0.915492957746	0.338028169014	0.928571428571	0.942028985507	0.943661971831	0.30985915493	0.225352112676	0.267605633803	0.338028169014	0.211267605634	0.352112676056	0.253521126761	0.183098591549	0.985915492958	0.985507246377	0.352112676056	1.0	1.0	1.0	0.267605633803	0.366197183099	0.366197183099	0.267605633803	0.352112676056	0.323943661972	0.295774647887	0.267605633803	0.30985915493	0.281690140845	0.225352112676	0.338028169014	0.352112676056	0.929577464789	0.366197183099	0.184615384615	0.267605633803	0.985915492958	0.225352112676	0.366197183099	0.342857142857	0.295774647887	0.352112676056	
0.231884057971	0.208333333333	0.295774647887	0.222222222222	0.375	0.347222222222	0.291666666667	0.25	0.263888888889	0.277777777778	0.291666666667	0.357142857143	0.915492957746	0.333333333333	0.928571428571	0.942028985507	0.944444444444	0.305555555556	0.236111111111	0.263888888889	0.333333333333	0.222222222222	0.347222222222	0.263888888889	0.169014084507	0.986111111111	0.985507246377	0.347222222222	1.0	1.0	1.0	0.263888888889	0.361111111111	0.366197183099	0.263888888889	0.347222222222	0.323943661972	0.291666666667	0.263888888889	0.305555555556	0.277777777778	0.222222222222	0.333333333333	0.347222222222	0.929577464789	0.375	0.2	0.263888888889	0.985915492958	0.222222222222	0.361111111111	0.328571428571	0.305555555556	0.347222222222	
0.231884057971	0.214285714286	0.328571428571	0.228571428571	0.371428571429	0.357142857143	0.3	0.257142857143	0.285714285714	0.285714285714	0.285714285714	0.342857142857	0.928571428571	0.342857142857	0.928571428571	0.942028985507	0.957142857143	0.3	0.228571428571	0.271428571429	0.328571428571	0.228571428571	0.357142857143	0.271428571429	0.185714285714	0.985714285714	0.985507246377	0.342857142857	1.0	1.0	1.0	0.185714285714	0.371428571429	0.385714285714	0.285714285714	0.357142857143	0.314285714286	0.3	0.285714285714	0.328571428571	0.285714285714	0.228571428571	0.342857142857	0.342857142857	0.942857142857	0.371428571429	0.230769230769	0.285714285714	0.985714285714	0.214285714286	0.371428571429	0.328571428571	0.3	0.357142857143	
0.289855072464	0.26582278481	0.267605633803	0.230769230769	0.289473684211	0.258426966292	0.345238095238	0.25	0.397260273973	0.328947368421	0.313953488372	0.271428571429	0.253521126761	0.232876712329	0.257142857143	0.260869565217	0.226666666667	0.671641791045	0.2875	0.418032786885	0.269662921348	0.252747252747	0.22619047619	0.259259259259	0.338028169014	0.191780821918	0.246376811594	0.315789473684	0.267605633803	0.263888888889	0.185714285714	1.0	0.278481012658	0.30985915493	0.333333333333	0.315068493151	0.281690140845	0.316455696203	0.228915662651	0.314606741573	0.311827956989	0.315789473684	0.307692307692	0.32	0.253521126761	0.287671232877	0.261538461538	0.2	0.267605633803	0.27380952381	0.247058823529	0.285714285714	0.325301204819	0.333333333333	
0.231884057971	0.253164556962	0.338028169014	0.25641025641	0.986842105263	0.987341772152	0.253164556962	0.215189873418	0.342465753425	0.342105263158	0.341772151899	0.471428571429	0.338028169014	0.520547945205	0.342857142857	0.347826086957	0.32	0.278481012658	0.227848101266	0.303797468354	0.26582278481	0.291139240506	0.253164556962	0.227848101266	0.225352112676	0.369863013699	0.391304347826	0.342105263158	0.366197183099	0.361111111111	0.371428571429	0.278481012658	1.0	1.0	0.375	0.315068493151	0.239436619718	0.26582278481	0.278481012658	0.316455696203	0.329113924051	0.223684210526	0.367088607595	0.346666666667	0.338028169014	1.0	0.292307692308	0.278481012658	0.380281690141	0.227848101266	0.26582278481	0.314285714286	0.341772151899	0.319444444444	
0.231884057971	0.267605633803	0.338028169014	0.267605633803	1.0	0.985915492958	0.253521126761	0.239436619718	0.352112676056	0.366197183099	0.366197183099	0.471428571429	0.338028169014	0.521126760563	0.342857142857	0.347826086957	0.352112676056	0.30985915493	0.239436619718	0.295774647887	0.281690140845	0.295774647887	0.281690140845	0.253521126761	0.239436619718	0.408450704225	0.391304347826	0.352112676056	0.366197183099	0.366197183099	0.385714285714	0.30985915493	1.0	1.0	0.352112676056	0.323943661972	0.281690140845	0.295774647887	0.323943661972	0.338028169014	0.30985915493	0.253521126761	0.394366197183	0.352112676056	0.338028169014	1.0	0.292307692308	0.323943661972	0.380281690141	0.225352112676	0.295774647887	0.342857142857	0.366197183099	0.338028169014	
0.173913043478	0.208333333333	0.323943661972	0.263888888889	0.375	0.375	0.222222222222	0.263888888889	0.375	0.361111111111	0.375	0.257142857143	0.281690140845	0.277777777778	0.271428571429	0.275362318841	0.277777777778	0.305555555556	0.208333333333	0.305555555556	0.305555555556	0.291666666667	0.263888888889	0.194444444444	0.183098591549	0.263888888889	0.275362318841	0.277777777778	0.267605633803	0.263888888889	0.285714285714	0.333333333333	0.375	0.352112676056	1.0	0.319444444444	0.211267605634	0.236111111111	0.263888888889	0.236111111111	0.222222222222	0.180555555556	0.347222222222	0.263888888889	0.267605633803	0.347222222222	0.261538461538	0.291666666667	0.267605633803	0.236111111111	0.333333333333	0.314285714286	0.361111111111	0.319444444444	
0.202898550725	0.191780821918	0.408450704225	0.205479452055	0.287671232877	0.27397260274	0.246575342466	0.246575342466	0.369863013699	0.356164383562	0.397260273973	0.285714285714	0.323943661972	0.27397260274	0.342857142857	0.333333333333	0.328767123288	0.315068493151	0.205479452055	0.315068493151	0.232876712329	0.191780821918	0.232876712329	0.328767123288	0.225352112676	0.342465753425	0.36231884058	0.328767123288	0.352112676056	0.347222222222	0.357142857143	0.315068493151	0.315068493151	0.323943661972	0.319444444444	1.0	0.253521126761	0.383561643836	0.205479452055	0.287671232877	0.287671232877	0.191780821918	0.328767123288	0.328767123288	0.352112676056	0.328767123288	0.230769230769	0.246575342466	0.352112676056	0.246575342466	0.328767123288	0.285714285714	0.369863013699	1.0	
0.275362318841	0.30985915493	0.267605633803	0.253521126761	0.239436619718	0.225352112676	0.295774647887	0.267605633803	0.267605633803	0.253521126761	0.281690140845	0.242857142857	0.30985915493	0.239436619718	0.314285714286	0.31884057971	0.30985915493	0.253521126761	0.197183098592	0.281690140845	0.281690140845	0.295774647887	0.338028169014	0.30985915493	0.295774647887	0.30985915493	0.31884057971	0.352112676056	0.323943661972	0.323943661972	0.314285714286	0.281690140845	0.239436619718	0.281690140845	0.211267605634	0.253521126761	1.0	0.295774647887	0.239436619718	0.281690140845	0.267605633803	0.30985915493	0.323943661972	0.338028169014	0.30985915493	0.239436619718	0.261538461538	0.253521126761	0.323943661972	0.323943661972	0.338028169014	0.757142857143	0.281690140845	0.253521126761	
0.231884057971	0.164556962025	0.633802816901	0.230769230769	0.276315789474	0.253164556962	0.291139240506	0.215189873418	0.287671232877	0.276315789474	0.291139240506	0.342857142857	0.281690140845	0.301369863014	0.285714285714	0.289855072464	0.266666666667	0.20253164557	0.177215189873	0.240506329114	0.240506329114	0.215189873418	0.215189873418	0.240506329114	0.267605633803	0.287671232877	0.304347826087	0.289473684211	0.295774647887	0.291666666667	0.3	0.316455696203	0.26582278481	0.295774647887	0.236111111111	0.383561643836	0.295774647887	1.0	0.253164556962	0.316455696203	0.316455696203	0.184210526316	0.303797468354	0.293333333333	0.281690140845	0.287671232877	0.230769230769	0.26582278481	0.295774647887	0.215189873418	0.26582278481	0.3	0.291139240506	0.388888888889	
0.202898550725	0.177215189873	0.253521126761	0.320512820513	0.289473684211	0.277108433735	0.433734939759	0.325301204819	0.246575342466	0.263157894737	0.265060240964	0.242857142857	0.239436619718	0.315068493151	0.257142857143	0.246376811594	0.2	0.289156626506	0.2	0.373493975904	0.277108433735	0.204819277108	0.265060240964	0.246913580247	0.295774647887	0.260273972603	0.275362318841	0.276315789474	0.267605633803	0.263888888889	0.285714285714	0.228915662651	0.278481012658	0.323943661972	0.263888888889	0.205479452055	0.239436619718	0.253164556962	1.0	0.228915662651	0.228915662651	0.184210526316	0.240963855422	0.28	0.239436619718	0.315068493151	0.292307692308	1.0	0.267605633803	0.21686746988	0.240963855422	0.214285714286	0.265060240964	0.208333333333	
0.260869565217	0.26582278481	0.323943661972	0.179487179487	0.315789473684	0.292134831461	0.202380952381	0.438202247191	0.246575342466	0.236842105263	0.279069767442	0.328571428571	0.253521126761	0.356164383562	0.257142857143	0.260869565217	0.266666666667	0.258426966292	0.2375	0.303370786517	0.202247191011	0.247191011236	0.261904761905	0.308641975309	0.267605633803	0.301369863014	0.304347826087	0.197368421053	0.30985915493	0.305555555556	0.328571428571	0.314606741573	0.316455696203	0.338028169014	0.236111111111	0.287671232877	0.281690140845	0.316455696203	0.228915662651	1.0	1.0	0.25	0.280898876404	0.213333333333	0.281690140845	0.328767123288	0.246153846154	0.202247191011	0.295774647887	0.238095238095	0.2	0.314285714286	0.277108433735	0.291666666667	
0.260869565217	0.253164556962	0.30985915493	0.179487179487	0.315789473684	0.303370786517	0.202380952381	0.41935483871	0.246575342466	0.25	0.267441860465	0.328571428571	0.267605633803	0.356164383562	0.271428571429	0.275362318841	0.253333333333	0.258064516129	0.25	0.236559139785	0.213483146067	0.263736263736	0.238095238095	0.308641975309	0.281690140845	0.27397260274	0.289855072464	0.197368421053	0.281690140845	0.277777777778	0.285714285714	0.311827956989	0.329113924051	0.30985915493	0.222222222222	0.287671232877	0.267605633803	0.316455696203	0.228915662651	1.0	1.0	0.263157894737	0.296703296703	0.213333333333	0.267605633803	0.328767123288	0.246153846154	0.2	0.281690140845	0.261904761905	0.2	0.314285714286	0.277108433735	0.291666666667	
1.0	1.0	0.169014084507	0.171052631579	0.25	0.236842105263	0.184210526316	0.289473684211	0.246575342466	0.197368421053	0.210526315789	0.228571428571	0.239436619718	0.164383561644	0.228571428571	0.246376811594	0.24	0.263157894737	0.171052631579	0.184210526316	0.210526315789	0.25	0.131578947368	0.197368421053	0.197183098592	0.191780821918	0.202898550725	0.210526315789	0.225352112676	0.222222222222	0.228571428571	0.315789473684	0.223684210526	0.253521126761	0.180555555556	0.191780821918	0.30985915493	0.184210526316	0.184210526316	0.25	0.263157894737	1.0	0.263157894737	0.2	0.225352112676	0.246575342466	0.138461538462	0.184210526316	0.211267605634	0.447368421053	0.223684210526	0.285714285714	0.210526315789	0.194444444444	
0.260869565217	0.253164556962	0.366197183099	0.217948717949	0.368421052632	0.314606741573	0.22619047619	0.252747252747	0.342465753425	0.342105263158	0.290697674419	0.342857142857	0.323943661972	0.342465753425	0.342857142857	0.347826086957	0.333333333333	0.318681318681	0.225	0.307692307692	0.258426966292	0.252747252747	0.27380952381	0.320987654321	0.281690140845	0.342465753425	0.347826086957	0.394736842105	0.338028169014	0.333333333333	0.342857142857	0.307692307692	0.367088607595	0.394366197183	0.347222222222	0.328767123288	0.323943661972	0.303797468354	0.240963855422	0.280898876404	0.296703296703	0.263157894737	1.0	0.413333333333	0.352112676056	0.383561643836	0.261538461538	0.244444444444	0.338028169014	0.261904761905	0.188235294118	0.3	0.313253012048	0.333333333333	
0.217391304348	0.24	0.338028169014	0.213333333333	0.333333333333	0.346666666667	0.28	0.24	0.356164383562	0.333333333333	0.36	0.342857142857	0.30985915493	0.315068493151	0.314285714286	0.31884057971	0.293333333333	0.32	0.186666666667	0.333333333333	0.293333333333	0.266666666667	0.28	0.32	0.30985915493	0.342465753425	0.36231884058	1.0	0.352112676056	0.347222222222	0.342857142857	0.32	0.346666666667	0.352112676056	0.263888888889	0.328767123288	0.338028169014	0.293333333333	0.28	0.213333333333	0.213333333333	0.2	0.413333333333	1.0	0.30985915493	0.342465753425	0.261538461538	0.28	0.352112676056	0.266666666667	0.266666666667	0.371428571429	0.36	0.305555555556	
0.188405797101	0.225352112676	0.30985915493	0.239436619718	0.338028169014	0.323943661972	0.267605633803	0.239436619718	0.253521126761	0.267605633803	0.281690140845	0.328571428571	0.985915492958	0.30985915493	1.0	1.0	1.0	0.295774647887	0.295774647887	0.281690140845	0.338028169014	0.239436619718	0.323943661972	0.267605633803	0.12676056338	0.915492957746	0.942028985507	0.30985915493	0.929577464789	0.929577464789	0.942857142857	0.253521126761	0.338028169014	0.338028169014	0.267605633803	0.352112676056	0.30985915493	0.281690140845	0.239436619718	0.281690140845	0.267605633803	0.225352112676	0.352112676056	0.30985915493	1.0	0.338028169014	0.2	0.239436619718	0.915492957746	0.225352112676	0.366197183099	0.328571428571	0.281690140845	0.352112676056	
0.231884057971	0.260273972603	0.338028169014	0.27397260274	1.0	0.986301369863	0.219178082192	0.232876712329	0.342465753425	0.356164383562	0.369863013699	0.485714285714	0.338028169014	0.493150684932	0.342857142857	0.347826086957	0.342465753425	0.287671232877	0.246575342466	0.315068493151	0.287671232877	0.301369863014	0.27397260274	0.246575342466	0.239436619718	0.369863013699	0.391304347826	0.342465753425	0.366197183099	0.375	0.371428571429	0.287671232877	1.0	1.0	0.347222222222	0.328767123288	0.239436619718	0.287671232877	0.315068493151	0.328767123288	0.328767123288	0.246575342466	0.383561643836	0.342465753425	0.338028169014	1.0	0.292307692308	0.315068493151	0.380281690141	0.232876712329	0.287671232877	0.328571428571	0.356164383562	0.319444444444	
0.169230769231	0.169230769231	0.323076923077	0.830769230769	0.292307692308	0.292307692308	0.261538461538	0.307692307692	0.2	0.276923076923	0.246153846154	0.261538461538	0.215384615385	0.246153846154	0.215384615385	0.215384615385	0.2	0.246153846154	0.138461538462	0.307692307692	0.276923076923	0.276923076923	0.261538461538	0.230769230769	0.292307692308	0.184615384615	0.184615384615	0.261538461538	0.184615384615	0.2	0.230769230769	0.261538461538	0.292307692308	0.292307692308	0.261538461538	0.230769230769	0.261538461538	0.230769230769	0.292307692308	0.246153846154	0.246153846154	0.138461538462	0.261538461538	0.261538461538	0.2	0.292307692308	1.0	0.323076923077	0.169230769231	0.2	0.307692307692	0.261538461538	0.246153846154	0.230769230769	
0.202898550725	0.177215189873	0.267605633803	0.294871794872	0.289473684211	0.258426966292	0.428571428571	0.3	0.246575342466	0.263157894737	0.267441860465	0.257142857143	0.253521126761	0.315068493151	0.257142857143	0.246376811594	0.213333333333	0.277777777778	0.2125	0.344444444444	0.269662921348	0.2	0.238095238095	0.246913580247	0.295774647887	0.260273972603	0.275362318841	0.276315789474	0.267605633803	0.263888888889	0.285714285714	0.2	0.278481012658	0.323943661972	0.291666666667	0.246575342466	0.253521126761	0.26582278481	1.0	0.202247191011	0.2	0.184210526316	0.244444444444	0.28	0.239436619718	0.315068493151	0.323076923077	1.0	0.267605633803	0.22619047619	0.247058823529	0.214285714286	0.277108433735	0.25	
0.217391304348	0.197183098592	0.295774647887	0.239436619718	0.380281690141	0.366197183099	0.323943661972	0.253521126761	0.267605633803	0.281690140845	0.295774647887	0.357142857143	0.901408450704	0.352112676056	0.914285714286	0.927536231884	0.929577464789	0.30985915493	0.253521126761	0.267605633803	0.338028169014	0.211267605634	0.352112676056	0.253521126761	0.183098591549	1.0	1.0	0.352112676056	0.985915492958	0.985915492958	0.985714285714	0.267605633803	0.380281690141	0.380281690141	0.267605633803	0.352112676056	0.323943661972	0.295774647887	0.267605633803	0.295774647887	0.281690140845	0.211267605634	0.338028169014	0.352112676056	0.915492957746	0.380281690141	0.169230769231	0.267605633803	1.0	0.211267605634	0.366197183099	0.342857142857	0.295774647887	0.352112676056	
0.420289855072	0.455696202532	0.239436619718	0.205128205128	0.210526315789	0.202380952381	0.27380952381	0.27380952381	0.246575342466	0.223684210526	0.190476190476	0.228571428571	0.211267605634	0.205479452055	0.214285714286	0.231884057971	0.213333333333	0.261904761905	0.2	0.22619047619	0.238095238095	0.345238095238	0.22619047619	0.246913580247	0.30985915493	0.205479452055	0.217391304348	0.263157894737	0.225352112676	0.222222222222	0.214285714286	0.27380952381	0.227848101266	0.225352112676	0.236111111111	0.246575342466	0.323943661972	0.215189873418	0.21686746988	0.238095238095	0.261904761905	0.447368421053	0.261904761905	0.266666666667	0.225352112676	0.232876712329	0.2	0.22619047619	0.211267605634	1.0	0.22619047619	0.314285714286	0.204819277108	0.263888888889	
0.246376811594	0.215189873418	0.323943661972	0.25641025641	0.315789473684	0.270588235294	0.202380952381	0.235294117647	0.301369863014	0.263157894737	0.235294117647	0.242857142857	0.366197183099	0.246575342466	0.371428571429	0.36231884058	0.346666666667	0.294117647059	0.225	0.258823529412	0.223529411765	0.188235294118	0.261904761905	0.172839506173	0.323943661972	0.356164383562	0.376811594203	0.263157894737	0.366197183099	0.361111111111	0.371428571429	0.247058823529	0.26582278481	0.295774647887	0.333333333333	0.328767123288	0.338028169014	0.26582278481	0.240963855422	0.2	0.2	0.223684210526	0.188235294118	0.266666666667	0.366197183099	0.287671232877	0.307692307692	0.247058823529	0.366197183099	0.22619047619	1.0	0.357142857143	0.240963855422	0.333333333333	
0.289855072464	0.285714285714	0.271428571429	0.257142857143	0.314285714286	0.3	0.285714285714	0.228571428571	0.314285714286	0.314285714286	0.328571428571	0.271428571429	0.328571428571	0.314285714286	0.328571428571	0.333333333333	0.328571428571	0.271428571429	0.171428571429	0.271428571429	0.257142857143	0.357142857143	0.3	0.285714285714	0.242857142857	0.328571428571	0.333333333333	0.357142857143	0.342857142857	0.328571428571	0.328571428571	0.285714285714	0.314285714286	0.342857142857	0.314285714286	0.285714285714	0.757142857143	0.3	0.214285714286	0.314285714286	0.314285714286	0.285714285714	0.3	0.371428571429	0.328571428571	0.328571428571	0.261538461538	0.214285714286	0.342857142857	0.314285714286	0.357142857143	1.0	0.328571428571	0.257142857143	
0.231884057971	0.20253164557	0.295774647887	0.24358974359	0.342105263158	0.313253012048	0.253012048193	0.265060240964	0.890410958904	0.973684210526	1.0	0.414285714286	0.267605633803	0.41095890411	0.285714285714	0.275362318841	0.266666666667	0.301204819277	0.175	0.253012048193	0.265060240964	0.265060240964	0.228915662651	0.259259259259	0.183098591549	0.301369863014	0.289855072464	0.368421052632	0.295774647887	0.305555555556	0.3	0.325301204819	0.341772151899	0.366197183099	0.361111111111	0.369863013699	0.281690140845	0.291139240506	0.265060240964	0.277108433735	0.277108433735	0.210526315789	0.313253012048	0.36	0.281690140845	0.356164383562	0.246153846154	0.277108433735	0.295774647887	0.204819277108	0.240963855422	0.328571428571	1.0	0.388888888889	
