a.243	2
1.0	0.208791208791	
0.208791208791	1.0	
Fold a.243 solved.

d.28	3
1.0	1.0	0.987341772152	
1.0	1.0	1.0	
0.987341772152	1.0	1.0	
Fold d.28 solved.

d.29	1
1.0	
Fold d.29 solved.

d.20	136
1.0	0.283870967742	0.269230769231	0.323529411765	0.303703703704	0.503144654088	0.445945945946	0.448979591837	0.434210526316	0.427631578947	0.333333333333	0.459459459459	0.452054794521	0.403225806452	0.296052631579	0.3	0.296052631579	0.291390728477	0.344370860927	0.415584415584	0.290540540541	0.271428571429	0.267605633803	0.273381294964	0.275362318841	0.433333333333	0.442953020134	0.439189189189	0.429530201342	0.434210526316	0.333333333333	0.301282051282	0.324840764331	0.324840764331	0.331210191083	0.305732484076	0.331210191083	0.329113924051	0.307692307692	0.369863013699	0.462585034014	0.455782312925	0.489795918367	0.36	0.496551724138	0.487012987013	0.487012987013	0.480769230769	0.321167883212	0.273885350318	0.269230769231	0.322147651007	0.282051282051	0.486486486486	0.329032258065	0.442953020134	0.458904109589	0.448979591837	0.442953020134	0.445205479452	0.442953020134	0.23417721519	0.225	0.455782312925	0.439189189189	0.44	0.414473684211	0.434482758621	0.34	0.344594594595	0.442176870748	0.25	0.264150943396	0.344370860927	0.354430379747	0.34375	0.345911949686	0.448979591837	0.462585034014	0.255319148936	0.242857142857	0.257142857143	0.234042553191	0.230769230769	0.241379310345	0.243055555556	0.241830065359	0.237179487179	0.258992805755	0.255319148936	0.261146496815	0.480519480519	0.34693877551	0.393103448276	0.417218543046	0.41610738255	0.318181818182	0.276785714286	0.317880794702	0.32	0.223140495868	0.695364238411	0.225	0.339743589744	0.462585034014	0.469387755102	0.325925925926	0.462585034014	0.437086092715	0.448979591837	0.44	0.23417721519	0.340579710145	0.414473684211	0.277372262774	0.432432432432	0.438356164384	0.239669421488	0.455782312925	0.279220779221	0.458904109589	0.467948717949	0.365384615385	0.452054794521	0.452054794521	0.254777070064	0.43537414966	0.482993197279	0.445945945946	0.327044025157	0.324840764331	0.325	0.442953020134	0.455782312925	0.227642276423	0.413333333333	
0.283870967742	1.0	1.0	0.272058823529	0.266666666667	0.316129032258	0.324324324324	0.326530612245	0.309210526316	0.302631578947	0.346405228758	0.344594594595	0.335616438356	0.33064516129	0.289473684211	0.293333333333	0.282894736842	0.278145695364	0.291390728477	0.305194805195	0.331081081081	0.228571428571	0.232394366197	0.230215827338	0.224637681159	0.3	0.295302013423	0.304054054054	0.295302013423	0.302631578947	0.548387096774	0.561290322581	0.548387096774	0.554838709677	0.554838709677	0.561290322581	0.548387096774	0.554838709677	0.561290322581	0.369863013699	0.340136054422	0.333333333333	0.333333333333	0.366666666667	0.365517241379	0.305194805195	0.305194805195	0.303225806452	0.262773722628	1.0	0.993548387097	0.348993288591	0.974193548387	0.337837837838	0.6	0.295302013423	0.335616438356	0.353741496599	0.295302013423	0.328767123288	0.295302013423	0.258064516129	0.251612903226	0.333333333333	0.304054054054	0.353333333333	0.289473684211	0.351724137931	0.3	0.310810810811	0.34693877551	0.270967741935	0.277419354839	0.370860927152	0.554838709677	0.554838709677	0.554838709677	0.340136054422	0.353741496599	0.269503546099	0.271428571429	0.271428571429	0.255319148936	0.272727272727	0.268965517241	0.270833333333	0.21568627451	0.206451612903	0.251798561151	0.241134751773	0.193548387097	0.305194805195	0.299319727891	0.379310344828	0.311258278146	0.295302013423	0.266233766234	0.258928571429	0.271523178808	0.273333333333	0.206611570248	0.324503311258	0.238709677419	0.554838709677	0.340136054422	0.333333333333	0.274074074074	0.333333333333	0.291390728477	0.299319727891	0.293333333333	0.258064516129	0.282608695652	0.302631578947	0.226277372263	0.290540540541	0.349315068493	0.256198347107	0.34693877551	1.0	0.342465753425	0.283870967742	0.387096774194	0.321917808219	0.335616438356	0.251612903226	0.34693877551	0.34693877551	0.337837837838	0.554838709677	0.561290322581	0.554838709677	0.295302013423	0.340136054422	0.227642276423	0.306666666667	
0.269230769231	1.0	1.0	0.272058823529	0.266666666667	0.314102564103	0.317567567568	0.319727891156	0.302631578947	0.296052631579	0.346405228758	0.351351351351	0.335616438356	0.338709677419	0.282894736842	0.293333333333	0.276315789474	0.278145695364	0.298013245033	0.305194805195	0.331081081081	0.228571428571	0.225352112676	0.223021582734	0.224637681159	0.293333333333	0.295302013423	0.297297297297	0.288590604027	0.289473684211	0.544871794872	0.557692307692	0.551282051282	0.557692307692	0.557692307692	0.557692307692	0.551282051282	0.557692307692	0.557692307692	0.369863013699	0.340136054422	0.333333333333	0.340136054422	0.373333333333	0.365517241379	0.305194805195	0.305194805195	0.301282051282	0.270072992701	1.0	0.99358974359	0.348993288591	0.974358974359	0.337837837838	0.6	0.302013422819	0.335616438356	0.353741496599	0.302013422819	0.328767123288	0.302013422819	0.25641025641	0.25641025641	0.333333333333	0.297297297297	0.353333333333	0.289473684211	0.351724137931	0.293333333333	0.297297297297	0.34693877551	0.269230769231	0.275641025641	0.370860927152	0.551282051282	0.551282051282	0.551282051282	0.340136054422	0.353741496599	0.269503546099	0.278571428571	0.271428571429	0.262411347518	0.27972027972	0.268965517241	0.270833333333	0.21568627451	0.205128205128	0.251798561151	0.241134751773	0.185897435897	0.305194805195	0.299319727891	0.379310344828	0.317880794702	0.302013422819	0.266233766234	0.258928571429	0.271523178808	0.273333333333	0.206611570248	0.324503311258	0.25641025641	0.551282051282	0.340136054422	0.333333333333	0.274074074074	0.333333333333	0.298013245033	0.299319727891	0.3	0.25641025641	0.282608695652	0.302631578947	0.21897810219	0.290540540541	0.349315068493	0.256198347107	0.34693877551	1.0	0.342465753425	0.282051282051	0.384615384615	0.328767123288	0.335616438356	0.25	0.34693877551	0.34693877551	0.337837837838	0.557692307692	0.564102564103	0.557692307692	0.302013422819	0.340136054422	0.235772357724	0.313333333333	
0.323529411765	0.272058823529	0.272058823529	1.0	1.0	0.279411764706	0.301470588235	0.294117647059	0.301470588235	0.301470588235	0.264705882353	0.330882352941	0.286764705882	0.290322580645	0.242647058824	0.242647058824	0.25	0.25	0.235294117647	0.235294117647	0.279411764706	0.5	0.507352941176	0.5	0.5	0.301470588235	0.301470588235	0.301470588235	0.301470588235	0.301470588235	0.242647058824	0.227941176471	0.227941176471	0.227941176471	0.227941176471	0.235294117647	0.227941176471	0.227941176471	0.235294117647	0.316176470588	0.286764705882	0.286764705882	0.323529411765	0.220588235294	0.294117647059	0.345588235294	0.345588235294	0.345588235294	1.0	0.264705882353	0.264705882353	0.264705882353	0.25	0.301470588235	0.257352941176	0.301470588235	0.286764705882	0.279411764706	0.301470588235	0.279411764706	0.301470588235	0.213235294118	0.198529411765	0.286764705882	0.294117647059	0.279411764706	0.242647058824	0.279411764706	0.242647058824	0.242647058824	0.279411764706	0.242647058824	0.25	0.286764705882	0.264705882353	0.257352941176	0.257352941176	0.279411764706	0.286764705882	0.257352941176	0.235294117647	0.257352941176	0.235294117647	0.227941176471	0.25	0.25	0.242647058824	0.242647058824	0.264705882353	0.220588235294	0.242647058824	0.352941176471	0.242647058824	0.330882352941	0.227941176471	0.235294117647	0.272058823529	0.214285714286	0.264705882353	0.264705882353	0.256198347107	0.301470588235	0.286764705882	0.227941176471	0.286764705882	0.279411764706	0.518518518519	0.279411764706	0.301470588235	0.301470588235	0.301470588235	0.227941176471	0.514705882353	0.227941176471	0.5	0.301470588235	0.279411764706	0.231404958678	0.301470588235	0.272058823529	0.286764705882	0.352941176471	0.279411764706	0.279411764706	0.279411764706	0.235294117647	0.272058823529	0.286764705882	0.279411764706	0.235294117647	0.227941176471	0.235294117647	0.286764705882	0.286764705882	0.219512195122	0.227941176471	
0.303703703704	0.266666666667	0.266666666667	1.0	1.0	0.281481481481	0.296296296296	0.288888888889	0.296296296296	0.296296296296	0.259259259259	0.325925925926	0.288888888889	0.298387096774	0.244444444444	0.237037037037	0.251851851852	0.244444444444	0.244444444444	0.237037037037	0.281481481481	0.503703703704	0.511111111111	0.503703703704	0.503703703704	0.303703703704	0.303703703704	0.303703703704	0.303703703704	0.303703703704	0.244444444444	0.222222222222	0.22962962963	0.22962962963	0.22962962963	0.22962962963	0.22962962963	0.22962962963	0.22962962963	0.318518518519	0.288888888889	0.288888888889	0.325925925926	0.222222222222	0.296296296296	0.348148148148	0.355555555556	0.348148148148	1.0	0.266666666667	0.266666666667	0.259259259259	0.251851851852	0.311111111111	0.251851851852	0.303703703704	0.288888888889	0.281481481481	0.303703703704	0.281481481481	0.303703703704	0.207407407407	0.2	0.288888888889	0.296296296296	0.281481481481	0.244444444444	0.281481481481	0.237037037037	0.244444444444	0.281481481481	0.237037037037	0.244444444444	0.288888888889	0.259259259259	0.259259259259	0.259259259259	0.281481481481	0.288888888889	0.259259259259	0.259259259259	0.259259259259	0.259259259259	0.251851851852	0.244444444444	0.251851851852	0.237037037037	0.237037037037	0.266666666667	0.222222222222	0.251851851852	0.348148148148	0.244444444444	0.333333333333	0.22962962963	0.237037037037	0.266666666667	0.232142857143	0.274074074074	0.274074074074	0.239669421488	0.281481481481	0.288888888889	0.22962962963	0.288888888889	0.281481481481	0.518518518519	0.281481481481	0.303703703704	0.303703703704	0.303703703704	0.22962962963	0.518518518519	0.237037037037	0.503703703704	0.303703703704	0.281481481481	0.231404958678	0.303703703704	0.266666666667	0.288888888889	0.355555555556	0.281481481481	0.281481481481	0.281481481481	0.237037037037	0.274074074074	0.296296296296	0.281481481481	0.22962962963	0.22962962963	0.22962962963	0.288888888889	0.288888888889	0.227642276423	0.22962962963	
0.503144654088	0.316129032258	0.314102564103	0.279411764706	0.281481481481	1.0	0.412162162162	0.414965986395	0.407894736842	0.401315789474	0.320261437908	0.445945945946	0.445205479452	0.290322580645	0.361842105263	0.346666666667	0.355263157895	0.337748344371	0.298013245033	0.350649350649	0.297297297297	0.264285714286	0.239436619718	0.244604316547	0.260869565217	0.406666666667	0.409395973154	0.405405405405	0.402684563758	0.401315789474	0.301282051282	0.301282051282	0.292993630573	0.292993630573	0.299363057325	0.305732484076	0.299363057325	0.29746835443	0.307692307692	0.308219178082	0.462585034014	0.455782312925	0.421768707483	0.34	0.455172413793	0.480519480519	0.487012987013	0.480769230769	0.277372262774	0.305732484076	0.307692307692	0.322147651007	0.314102564103	0.445945945946	0.309677419355	0.402684563758	0.458904109589	0.462585034014	0.402684563758	0.452054794521	0.402684563758	0.227848101266	0.22641509434	0.455782312925	0.405405405405	0.453333333333	0.355263157895	0.455172413793	0.306666666667	0.304054054054	0.455782312925	0.308176100629	0.308176100629	0.350993377483	0.360759493671	0.339622641509	0.358490566038	0.442176870748	0.462585034014	0.191489361702	0.185714285714	0.192857142857	0.191489361702	0.188811188811	0.2	0.201388888889	0.281045751634	0.269230769231	0.194244604317	0.262411347518	0.242038216561	0.480519480519	0.312925170068	0.31724137931	0.350993377483	0.355704697987	0.363636363636	0.258928571429	0.35761589404	0.36	0.190082644628	0.470198675497	0.25786163522	0.307692307692	0.462585034014	0.455782312925	0.318518518519	0.455782312925	0.403973509934	0.408163265306	0.406666666667	0.215189873418	0.304347826087	0.355263157895	0.240875912409	0.405405405405	0.458904109589	0.264462809917	0.442176870748	0.318181818182	0.452054794521	0.480769230769	0.326923076923	0.452054794521	0.458904109589	0.28025477707	0.455782312925	0.462585034014	0.439189189189	0.295597484277	0.292993630573	0.295597484277	0.402684563758	0.448979591837	0.284552845528	0.353333333333	
0.445945945946	0.324324324324	0.317567567568	0.301470588235	0.296296296296	0.412162162162	1.0	1.0	1.0	0.993243243243	0.358108108108	0.486486486486	0.472602739726	0.354838709677	0.351351351351	0.344594594595	0.351351351351	0.344594594595	0.432432432432	0.459459459459	0.256756756757	0.278571428571	0.267605633803	0.280575539568	0.282608695652	0.689189189189	0.689189189189	0.689189189189	0.682432432432	0.689189189189	0.310810810811	0.317567567568	0.310810810811	0.310810810811	0.317567567568	0.324324324324	0.317567567568	0.317567567568	0.324324324324	0.431506849315	0.47619047619	0.47619047619	0.47619047619	0.371621621622	0.503448275862	0.432432432432	0.432432432432	0.432432432432	0.29197080292	0.310810810811	0.317567567568	0.351351351351	0.324324324324	0.466216216216	0.331081081081	0.689189189189	0.479452054795	0.47619047619	0.689189189189	0.472602739726	0.682432432432	0.236486486486	0.22972972973	0.469387755102	0.682432432432	0.47972972973	0.452702702703	0.468965517241	0.432432432432	0.425675675676	0.469387755102	0.337837837838	0.344594594595	0.351351351351	0.331081081081	0.324324324324	0.324324324324	0.612244897959	0.489795918367	0.198581560284	0.192857142857	0.192857142857	0.198581560284	0.188811188811	0.186206896552	0.1875	0.222972972973	0.222972972973	0.208633093525	0.219858156028	0.25	0.432432432432	0.414965986395	0.441379310345	0.459459459459	0.452702702703	0.385135135135	0.258928571429	0.385135135135	0.385135135135	0.239669421488	0.466216216216	0.290540540541	0.317567567568	0.47619047619	0.469387755102	0.333333333333	0.469387755102	0.689189189189	0.69387755102	0.689189189189	0.290540540541	0.326086956522	0.452702702703	0.284671532847	0.675675675676	0.472602739726	0.247933884298	0.47619047619	0.331081081081	0.479452054795	0.418918918919	0.391891891892	0.472602739726	0.479452054795	0.277027027027	0.469387755102	0.462585034014	0.608108108108	0.317567567568	0.310810810811	0.324324324324	0.662162162162	0.469387755102	0.235772357724	0.452702702703	
0.448979591837	0.326530612245	0.319727891156	0.294117647059	0.288888888889	0.414965986395	1.0	1.0	1.0	0.993197278912	0.360544217687	0.489795918367	0.472602739726	0.354838709677	0.353741496599	0.34693877551	0.353741496599	0.340136054422	0.43537414966	0.462585034014	0.258503401361	0.278571428571	0.267605633803	0.280575539568	0.282608695652	0.69387755102	0.69387755102	0.69387755102	0.687074829932	0.69387755102	0.312925170068	0.319727891156	0.312925170068	0.312925170068	0.319727891156	0.326530612245	0.319727891156	0.319727891156	0.326530612245	0.417808219178	0.47619047619	0.47619047619	0.47619047619	0.374149659864	0.503448275862	0.43537414966	0.43537414966	0.43537414966	0.284671532847	0.312925170068	0.30612244898	0.353741496599	0.312925170068	0.469387755102	0.340136054422	0.69387755102	0.479452054795	0.47619047619	0.69387755102	0.472602739726	0.687074829932	0.238095238095	0.224489795918	0.469387755102	0.687074829932	0.482993197279	0.455782312925	0.468965517241	0.43537414966	0.428571428571	0.469387755102	0.340136054422	0.34693877551	0.353741496599	0.326530612245	0.319727891156	0.319727891156	0.612244897959	0.489795918367	0.205673758865	0.2	0.2	0.198581560284	0.195804195804	0.193103448276	0.194444444444	0.224489795918	0.224489795918	0.208633093525	0.219858156028	0.251700680272	0.43537414966	0.414965986395	0.441379310345	0.462585034014	0.455782312925	0.380952380952	0.258928571429	0.380952380952	0.380952380952	0.239669421488	0.469387755102	0.292517006803	0.319727891156	0.47619047619	0.469387755102	0.333333333333	0.469387755102	0.69387755102	0.69387755102	0.69387755102	0.278911564626	0.326086956522	0.455782312925	0.284671532847	0.680272108844	0.472602739726	0.247933884298	0.47619047619	0.319727891156	0.479452054795	0.421768707483	0.401360544218	0.472602739726	0.479452054795	0.278911564626	0.469387755102	0.462585034014	0.612244897959	0.319727891156	0.312925170068	0.326530612245	0.666666666667	0.469387755102	0.235772357724	0.455782312925	
0.434210526316	0.309210526316	0.302631578947	0.301470588235	0.296296296296	0.407894736842	1.0	1.0	1.0	0.993421052632	0.342105263158	0.493243243243	0.465753424658	0.354838709677	0.328947368421	0.333333333333	0.328947368421	0.337748344371	0.423841059603	0.453947368421	0.256756756757	0.278571428571	0.267605633803	0.280575539568	0.282608695652	0.68	0.684563758389	0.689189189189	0.677852348993	0.684210526316	0.309210526316	0.309210526316	0.315789473684	0.315789473684	0.322368421053	0.309210526316	0.322368421053	0.315789473684	0.315789473684	0.431506849315	0.489795918367	0.489795918367	0.47619047619	0.373333333333	0.496551724138	0.434210526316	0.427631578947	0.440789473684	0.306569343066	0.322368421053	0.328947368421	0.342281879195	0.322368421053	0.486486486486	0.328947368421	0.691275167785	0.472602739726	0.489795918367	0.691275167785	0.465753424658	0.684563758389	0.223684210526	0.223684210526	0.482993197279	0.682432432432	0.473333333333	0.447368421053	0.48275862069	0.426666666667	0.405405405405	0.482993197279	0.342105263158	0.328947368421	0.337748344371	0.315789473684	0.335526315789	0.322368421053	0.612244897959	0.503401360544	0.212765957447	0.207142857143	0.214285714286	0.198581560284	0.202797202797	0.213793103448	0.208333333333	0.217105263158	0.217105263158	0.208633093525	0.22695035461	0.236842105263	0.407894736842	0.408163265306	0.441379310345	0.450331125828	0.44966442953	0.394736842105	0.223214285714	0.397350993377	0.393333333333	0.272727272727	0.46357615894	0.269736842105	0.315789473684	0.489795918367	0.482993197279	0.325925925926	0.482993197279	0.682119205298	0.69387755102	0.686666666667	0.276315789474	0.326086956522	0.440789473684	0.284671532847	0.675675675676	0.486301369863	0.264462809917	0.489795918367	0.315789473684	0.472602739726	0.421052631579	0.407894736842	0.472602739726	0.472602739726	0.269736842105	0.482993197279	0.482993197279	0.608108108108	0.315789473684	0.315789473684	0.315789473684	0.664429530201	0.482993197279	0.227642276423	0.446666666667	
0.427631578947	0.302631578947	0.296052631579	0.301470588235	0.296296296296	0.401315789474	0.993243243243	0.993197278912	0.993421052632	1.0	0.335526315789	0.486486486486	0.472602739726	0.346774193548	0.322368421053	0.326666666667	0.322368421053	0.331125827815	0.417218543046	0.447368421053	0.25	0.285714285714	0.267605633803	0.287769784173	0.289855072464	0.673333333333	0.677852348993	0.682432432432	0.677852348993	0.677631578947	0.315789473684	0.302631578947	0.309210526316	0.309210526316	0.315789473684	0.302631578947	0.315789473684	0.309210526316	0.309210526316	0.438356164384	0.482993197279	0.482993197279	0.469387755102	0.366666666667	0.489655172414	0.427631578947	0.421052631579	0.434210526316	0.306569343066	0.315789473684	0.322368421053	0.342281879195	0.315789473684	0.47972972973	0.322368421053	0.684563758389	0.472602739726	0.482993197279	0.684563758389	0.472602739726	0.677852348993	0.217105263158	0.217105263158	0.489795918367	0.675675675676	0.466666666667	0.440789473684	0.48275862069	0.42	0.398648648649	0.482993197279	0.335526315789	0.322368421053	0.331125827815	0.309210526316	0.328947368421	0.315789473684	0.605442176871	0.496598639456	0.212765957447	0.207142857143	0.214285714286	0.198581560284	0.202797202797	0.213793103448	0.208333333333	0.217105263158	0.217105263158	0.208633093525	0.234042553191	0.230263157895	0.401315789474	0.401360544218	0.434482758621	0.443708609272	0.442953020134	0.388157894737	0.214285714286	0.390728476821	0.386666666667	0.280991735537	0.456953642384	0.263157894737	0.309210526316	0.482993197279	0.482993197279	0.325925925926	0.482993197279	0.675496688742	0.687074829932	0.68	0.269736842105	0.326086956522	0.434210526316	0.29197080292	0.675675675676	0.486301369863	0.256198347107	0.482993197279	0.309210526316	0.465753424658	0.421052631579	0.401315789474	0.479452054795	0.472602739726	0.256578947368	0.482993197279	0.47619047619	0.601351351351	0.309210526316	0.309210526316	0.309210526316	0.657718120805	0.47619047619	0.235772357724	0.44	
0.333333333333	0.346405228758	0.346405228758	0.264705882353	0.259259259259	0.320261437908	0.358108108108	0.360544217687	0.342105263158	0.335526315789	1.0	0.371621621622	0.376712328767	0.362903225806	0.309210526316	0.313333333333	0.309210526316	0.304635761589	0.331125827815	0.352941176471	0.331081081081	0.242857142857	0.239436619718	0.244604316547	0.246376811594	0.366666666667	0.362416107383	0.378378378378	0.362416107383	0.355263157895	0.385620915033	0.398692810458	0.392156862745	0.398692810458	0.398692810458	0.398692810458	0.392156862745	0.398692810458	0.398692810458	0.424657534247	0.374149659864	0.374149659864	0.333333333333	0.626666666667	0.386206896552	0.300653594771	0.300653594771	0.300653594771	0.255474452555	0.346405228758	0.346405228758	0.993288590604	0.339869281046	0.378378378378	0.392156862745	0.375838926174	0.376712328767	0.374149659864	0.375838926174	0.36301369863	0.375838926174	0.254901960784	0.261437908497	0.374149659864	0.378378378378	0.366666666667	0.355263157895	0.365517241379	0.326666666667	0.324324324324	0.367346938776	0.326797385621	0.333333333333	0.655629139073	0.392156862745	0.385620915033	0.385620915033	0.380952380952	0.387755102041	0.219858156028	0.228571428571	0.214285714286	0.219858156028	0.216783216783	0.206896551724	0.208333333333	0.21568627451	0.209150326797	0.223021582734	0.212765957447	0.248366013072	0.300653594771	0.340136054422	0.434482758621	0.350993377483	0.355704697987	0.281045751634	0.258928571429	0.271523178808	0.28	0.231404958678	0.331125827815	0.254901960784	0.392156862745	0.380952380952	0.374149659864	0.281481481481	0.367346938776	0.364238410596	0.374149659864	0.366666666667	0.254901960784	0.275362318841	0.348684210526	0.248175182482	0.358108108108	0.36301369863	0.231404958678	0.401360544218	0.346405228758	0.383561643836	0.294117647059	0.411764705882	0.376712328767	0.369863013699	0.333333333333	0.360544217687	0.380952380952	0.378378378378	0.398692810458	0.40522875817	0.398692810458	0.375838926174	0.380952380952	0.20325203252	0.353333333333	
0.459459459459	0.344594594595	0.351351351351	0.330882352941	0.325925925926	0.445945945946	0.486486486486	0.489795918367	0.493243243243	0.486486486486	0.371621621622	1.0	0.787671232877	0.370967741935	0.337837837838	0.310810810811	0.331081081081	0.310810810811	0.378378378378	0.425675675676	0.297297297297	0.228571428571	0.232394366197	0.230215827338	0.231884057971	0.459459459459	0.459459459459	0.459459459459	0.452702702703	0.466216216216	0.358108108108	0.378378378378	0.371621621622	0.371621621622	0.378378378378	0.364864864865	0.378378378378	0.378378378378	0.364864864865	0.383561643836	0.789115646259	0.789115646259	0.639455782313	0.412162162162	0.793103448276	0.445945945946	0.439189189189	0.445945945946	0.335766423358	0.364864864865	0.364864864865	0.364864864865	0.358108108108	0.655405405405	0.344594594595	0.459459459459	0.787671232877	0.789115646259	0.452702702703	0.77397260274	0.452702702703	0.263513513514	0.27027027027	0.789115646259	0.459459459459	0.783783783784	0.425675675676	0.779310344828	0.371621621622	0.378378378378	0.78231292517	0.324324324324	0.324324324324	0.378378378378	0.385135135135	0.398648648649	0.398648648649	0.47619047619	0.795918367347	0.262411347518	0.271428571429	0.271428571429	0.234042553191	0.244755244755	0.255172413793	0.256944444444	0.25	0.256756756757	0.251798561151	0.219858156028	0.243243243243	0.439189189189	0.374149659864	0.365517241379	0.425675675676	0.425675675676	0.405405405405	0.258928571429	0.398648648649	0.398648648649	0.239669421488	0.459459459459	0.331081081081	0.364864864865	0.795918367347	0.775510204082	0.281481481481	0.768707482993	0.459459459459	0.462585034014	0.459459459459	0.236486486486	0.275362318841	0.425675675676	0.233576642336	0.445945945946	0.780821917808	0.289256198347	0.816326530612	0.344594594595	0.794520547945	0.425675675676	0.391891891892	0.787671232877	0.780821917808	0.27027027027	0.775510204082	0.789115646259	0.472972972973	0.371621621622	0.371621621622	0.371621621622	0.47972972973	0.795918367347	0.252032520325	0.425675675676	
0.452054794521	0.335616438356	0.335616438356	0.286764705882	0.288888888889	0.445205479452	0.472602739726	0.472602739726	0.465753424658	0.472602739726	0.376712328767	0.787671232877	1.0	0.370967741935	0.294520547945	0.301369863014	0.294520547945	0.301369863014	0.349315068493	0.417808219178	0.335616438356	0.285714285714	0.260563380282	0.26618705036	0.289855072464	0.458904109589	0.452054794521	0.458904109589	0.458904109589	0.452054794521	0.369863013699	0.36301369863	0.356164383562	0.356164383562	0.36301369863	0.36301369863	0.36301369863	0.36301369863	0.36301369863	0.36301369863	0.958904109589	0.958904109589	0.630136986301	0.458904109589	0.806896551724	0.404109589041	0.404109589041	0.404109589041	0.29197080292	0.335616438356	0.335616438356	0.376712328767	0.335616438356	0.63698630137	0.356164383562	0.458904109589	0.965753424658	0.876712328767	0.452054794521	0.958904109589	0.452054794521	0.27397260274	0.280821917808	0.972602739726	0.458904109589	0.876712328767	0.417808219178	0.862068965517	0.356164383562	0.349315068493	0.876712328767	0.301369863014	0.301369863014	0.369863013699	0.383561643836	0.390410958904	0.390410958904	0.458904109589	0.897260273973	0.241134751773	0.235714285714	0.242857142857	0.198581560284	0.20979020979	0.206896551724	0.215277777778	0.246575342466	0.239726027397	0.230215827338	0.184397163121	0.232876712329	0.404109589041	0.349315068493	0.358620689655	0.424657534247	0.424657534247	0.369863013699	0.3125	0.369863013699	0.369863013699	0.231404958678	0.445205479452	0.315068493151	0.36301369863	0.965753424658	0.945205479452	0.274074074074	0.938356164384	0.458904109589	0.452054794521	0.458904109589	0.22602739726	0.268115942029	0.417808219178	0.270072992701	0.452054794521	0.86301369863	0.280991735537	0.821917808219	0.335616438356	0.993150684932	0.41095890411	0.383561643836	0.958904109589	0.958904109589	0.253424657534	0.869863013699	0.787671232877	0.458904109589	0.36301369863	0.356164383562	0.36301369863	0.486301369863	0.993150684932	0.19512195122	0.424657534247	
0.403225806452	0.33064516129	0.338709677419	0.290322580645	0.298387096774	0.290322580645	0.354838709677	0.354838709677	0.354838709677	0.346774193548	0.362903225806	0.370967741935	0.370967741935	1.0	0.274193548387	0.290322580645	0.290322580645	0.282258064516	0.290322580645	0.322580645161	0.338709677419	0.298387096774	0.314516129032	0.298387096774	0.298387096774	0.362903225806	0.379032258065	0.362903225806	0.354838709677	0.362903225806	0.354838709677	0.370967741935	0.354838709677	0.362903225806	0.362903225806	0.379032258065	0.362903225806	0.362903225806	0.379032258065	0.338709677419	0.387096774194	0.379032258065	0.387096774194	0.354838709677	0.379032258065	0.370967741935	0.362903225806	0.362903225806	0.298387096774	0.338709677419	0.338709677419	0.354838709677	0.338709677419	0.354838709677	0.387096774194	0.354838709677	0.370967741935	0.403225806452	0.354838709677	0.354838709677	0.354838709677	0.217741935484	0.217741935484	0.379032258065	0.362903225806	0.403225806452	0.322580645161	0.387096774194	0.290322580645	0.290322580645	0.395161290323	0.266129032258	0.290322580645	0.362903225806	0.362903225806	0.362903225806	0.362903225806	0.346774193548	0.395161290323	0.233870967742	0.217741935484	0.233870967742	0.225806451613	0.25	0.241935483871	0.241935483871	0.274193548387	0.274193548387	0.209677419355	0.225806451613	0.241935483871	0.370967741935	0.290322580645	0.346774193548	0.322580645161	0.322580645161	0.306451612903	0.232142857143	0.314516129032	0.314516129032	0.214876033058	0.354838709677	0.266129032258	0.362903225806	0.387096774194	0.379032258065	0.346774193548	0.370967741935	0.354838709677	0.379032258065	0.354838709677	0.298387096774	0.338709677419	0.322580645161	0.298387096774	0.370967741935	0.387096774194	0.256198347107	0.403225806452	0.33064516129	0.379032258065	0.354838709677	0.362903225806	0.354838709677	0.362903225806	0.290322580645	0.387096774194	0.362903225806	0.346774193548	0.354838709677	0.362903225806	0.370967741935	0.346774193548	0.379032258065	0.20325203252	0.322580645161	
0.296052631579	0.289473684211	0.282894736842	0.242647058824	0.244444444444	0.361842105263	0.351351351351	0.353741496599	0.328947368421	0.322368421053	0.309210526316	0.337837837838	0.294520547945	0.274193548387	1.0	1.0	0.993421052632	0.986754966887	0.298013245033	0.342105263158	0.22972972973	0.25	0.218309859155	0.251798561151	0.253623188406	0.3	0.308724832215	0.304054054054	0.295302013423	0.296052631579	0.282894736842	0.276315789474	0.276315789474	0.276315789474	0.282894736842	0.282894736842	0.282894736842	0.282894736842	0.282894736842	0.328767123288	0.30612244898	0.30612244898	0.299319727891	0.32	0.31724137931	0.328947368421	0.335526315789	0.328947368421	0.240875912409	0.296052631579	0.289473684211	0.302013422819	0.289473684211	0.283783783784	0.282894736842	0.302013422819	0.301369863014	0.326530612245	0.302013422819	0.294520547945	0.295302013423	0.184210526316	0.197368421053	0.299319727891	0.304054054054	0.326666666667	0.335526315789	0.31724137931	0.306666666667	0.310810810811	0.319727891156	0.526315789474	0.526315789474	0.331125827815	0.276315789474	0.276315789474	0.276315789474	0.30612244898	0.319727891156	0.22695035461	0.235714285714	0.228571428571	0.212765957447	0.216783216783	0.193103448276	0.208333333333	0.223684210526	0.230263157895	0.223021582734	0.212765957447	0.217105263158	0.309210526316	0.312925170068	0.324137931034	0.331125827815	0.328859060403	0.302631578947	0.223214285714	0.291390728477	0.286666666667	0.181818181818	0.311258278146	0.190789473684	0.289473684211	0.30612244898	0.299319727891	0.214814814815	0.299319727891	0.298013245033	0.312925170068	0.3	0.217105263158	0.210144927536	0.335526315789	0.255474452555	0.304054054054	0.321917808219	0.198347107438	0.292517006803	0.282894736842	0.301369863014	0.322368421053	0.355263157895	0.308219178082	0.301369863014	0.230263157895	0.319727891156	0.319727891156	0.304054054054	0.289473684211	0.276315789474	0.276315789474	0.295302013423	0.299319727891	0.235772357724	0.326666666667	
0.3	0.293333333333	0.293333333333	0.242647058824	0.237037037037	0.346666666667	0.344594594595	0.34693877551	0.333333333333	0.326666666667	0.313333333333	0.310810810811	0.301369863014	0.290322580645	1.0	1.0	0.993333333333	0.993333333333	0.3	0.34	0.22972972973	0.25	0.218309859155	0.251798561151	0.253623188406	0.3	0.302013422819	0.304054054054	0.295302013423	0.3	0.273333333333	0.286666666667	0.273333333333	0.273333333333	0.28	0.293333333333	0.28	0.28	0.293333333333	0.315068493151	0.30612244898	0.30612244898	0.292517006803	0.313333333333	0.324137931034	0.333333333333	0.333333333333	0.333333333333	0.240875912409	0.293333333333	0.286666666667	0.302013422819	0.286666666667	0.283783783784	0.28	0.308724832215	0.308219178082	0.326530612245	0.308724832215	0.301369863014	0.302013422819	0.193333333333	0.186666666667	0.299319727891	0.304054054054	0.326666666667	0.333333333333	0.31724137931	0.3	0.310810810811	0.319727891156	0.533333333333	0.533333333333	0.333333333333	0.273333333333	0.273333333333	0.273333333333	0.30612244898	0.319727891156	0.22695035461	0.228571428571	0.228571428571	0.191489361702	0.195804195804	0.206896551724	0.208333333333	0.22	0.233333333333	0.223021582734	0.205673758865	0.22	0.34	0.312925170068	0.31724137931	0.306666666667	0.302013422819	0.3	0.232142857143	0.313333333333	0.306666666667	0.223140495868	0.3	0.193333333333	0.28	0.30612244898	0.299319727891	0.207407407407	0.299319727891	0.306666666667	0.30612244898	0.306666666667	0.22	0.210144927536	0.313333333333	0.255474452555	0.297297297297	0.321917808219	0.214876033058	0.292517006803	0.286666666667	0.308219178082	0.326666666667	0.346666666667	0.308219178082	0.308219178082	0.233333333333	0.319727891156	0.319727891156	0.304054054054	0.28	0.273333333333	0.28	0.302013422819	0.299319727891	0.235772357724	0.3	
0.296052631579	0.282894736842	0.276315789474	0.25	0.251851851852	0.355263157895	0.351351351351	0.353741496599	0.328947368421	0.322368421053	0.309210526316	0.331081081081	0.294520547945	0.290322580645	0.993421052632	0.993333333333	1.0	0.993377483444	0.304635761589	0.342105263158	0.22972972973	0.25	0.204225352113	0.251798561151	0.253623188406	0.293333333333	0.322147651007	0.297297297297	0.288590604027	0.296052631579	0.282894736842	0.276315789474	0.276315789474	0.276315789474	0.282894736842	0.282894736842	0.282894736842	0.282894736842	0.282894736842	0.328767123288	0.30612244898	0.30612244898	0.299319727891	0.32	0.31724137931	0.328947368421	0.335526315789	0.328947368421	0.248175182482	0.289473684211	0.282894736842	0.302013422819	0.282894736842	0.290540540541	0.282894736842	0.295302013423	0.301369863014	0.326530612245	0.295302013423	0.294520547945	0.288590604027	0.184210526316	0.197368421053	0.299319727891	0.297297297297	0.326666666667	0.335526315789	0.31724137931	0.313333333333	0.317567567568	0.319727891156	0.526315789474	0.526315789474	0.331125827815	0.276315789474	0.276315789474	0.276315789474	0.30612244898	0.319727891156	0.22695035461	0.235714285714	0.235714285714	0.212765957447	0.216783216783	0.193103448276	0.208333333333	0.223684210526	0.230263157895	0.223021582734	0.212765957447	0.217105263158	0.328947368421	0.319727891156	0.324137931034	0.331125827815	0.328859060403	0.302631578947	0.241071428571	0.298013245033	0.293333333333	0.181818181818	0.311258278146	0.190789473684	0.289473684211	0.30612244898	0.299319727891	0.214814814815	0.299319727891	0.291390728477	0.326530612245	0.293333333333	0.217105263158	0.202898550725	0.335526315789	0.255474452555	0.317567567568	0.321917808219	0.214876033058	0.292517006803	0.276315789474	0.301369863014	0.322368421053	0.355263157895	0.308219178082	0.301369863014	0.230263157895	0.319727891156	0.319727891156	0.304054054054	0.289473684211	0.276315789474	0.282894736842	0.288590604027	0.299319727891	0.235772357724	0.326666666667	
0.291390728477	0.278145695364	0.278145695364	0.25	0.244444444444	0.337748344371	0.344594594595	0.340136054422	0.337748344371	0.331125827815	0.304635761589	0.310810810811	0.301369863014	0.282258064516	0.986754966887	0.993333333333	0.993377483444	1.0	0.311258278146	0.331125827815	0.236486486486	0.221428571429	0.197183098592	0.237410071942	0.239130434783	0.3	0.295302013423	0.304054054054	0.295302013423	0.298013245033	0.271523178808	0.284768211921	0.271523178808	0.271523178808	0.278145695364	0.291390728477	0.278145695364	0.278145695364	0.291390728477	0.315068493151	0.30612244898	0.30612244898	0.292517006803	0.313333333333	0.324137931034	0.331125827815	0.331125827815	0.331125827815	0.248175182482	0.278145695364	0.278145695364	0.308724832215	0.278145695364	0.290540540541	0.278145695364	0.308724832215	0.308219178082	0.326530612245	0.308724832215	0.301369863014	0.302013422819	0.185430463576	0.185430463576	0.299319727891	0.304054054054	0.326666666667	0.331125827815	0.31724137931	0.313333333333	0.324324324324	0.319727891156	0.529801324503	0.529801324503	0.331125827815	0.298013245033	0.298013245033	0.298013245033	0.30612244898	0.319727891156	0.22695035461	0.228571428571	0.228571428571	0.198581560284	0.195804195804	0.206896551724	0.208333333333	0.218543046358	0.23178807947	0.230215827338	0.198581560284	0.225165562914	0.337748344371	0.326530612245	0.331034482759	0.304635761589	0.308724832215	0.304635761589	0.241071428571	0.304635761589	0.313333333333	0.181818181818	0.298013245033	0.192052980132	0.278145695364	0.30612244898	0.299319727891	0.2	0.299319727891	0.304635761589	0.299319727891	0.306666666667	0.211920529801	0.195652173913	0.311258278146	0.255474452555	0.290540540541	0.321917808219	0.206611570248	0.292517006803	0.278145695364	0.308219178082	0.324503311258	0.344370860927	0.308219178082	0.308219178082	0.23178807947	0.319727891156	0.319727891156	0.304054054054	0.278145695364	0.271523178808	0.284768211921	0.302013422819	0.299319727891	0.227642276423	0.306666666667	
0.344370860927	0.291390728477	0.298013245033	0.235294117647	0.244444444444	0.298013245033	0.432432432432	0.43537414966	0.423841059603	0.417218543046	0.331125827815	0.378378378378	0.349315068493	0.290322580645	0.298013245033	0.3	0.304635761589	0.311258278146	1.0	0.324503311258	0.256756756757	0.25	0.260563380282	0.251798561151	0.253623188406	0.386666666667	0.389261744966	0.391891891892	0.38255033557	0.384105960265	0.324503311258	0.337748344371	0.311258278146	0.317880794702	0.317880794702	0.331125827815	0.317880794702	0.317880794702	0.331125827815	0.315068493151	0.374149659864	0.374149659864	0.326530612245	0.326666666667	0.372413793103	0.331125827815	0.324503311258	0.324503311258	0.240875912409	0.291390728477	0.291390728477	0.328859060403	0.291390728477	0.344594594595	0.291390728477	0.389261744966	0.36301369863	0.360544217687	0.389261744966	0.356164383562	0.38255033557	0.258278145695	0.251655629139	0.367346938776	0.391891891892	0.346666666667	0.324503311258	0.358620689655	0.993333333333	0.993243243243	0.353741496599	0.291390728477	0.298013245033	0.337748344371	0.284768211921	0.291390728477	0.284768211921	0.380952380952	0.367346938776	0.219858156028	0.221428571429	0.221428571429	0.198581560284	0.20979020979	0.206896551724	0.208333333333	0.198675496689	0.198675496689	0.208633093525	0.276595744681	0.245033112583	0.324503311258	1.0	0.324137931034	0.331125827815	0.335570469799	0.271523178808	0.276785714286	0.271523178808	0.273333333333	0.206611570248	0.331125827815	0.264900662252	0.331125827815	0.374149659864	0.367346938776	0.22962962963	0.367346938776	0.384105960265	0.394557823129	0.386666666667	0.225165562914	0.231884057971	0.331125827815	0.255474452555	0.378378378378	0.356164383562	0.264462809917	0.367346938776	0.291390728477	0.356164383562	0.311258278146	0.317880794702	0.36301369863	0.36301369863	0.218543046358	0.353741496599	0.380952380952	0.371621621622	0.324503311258	0.324503311258	0.324503311258	0.389261744966	0.360544217687	0.276422764228	0.333333333333	
0.415584415584	0.305194805195	0.305194805195	0.235294117647	0.237037037037	0.350649350649	0.459459459459	0.462585034014	0.453947368421	0.447368421053	0.352941176471	0.425675675676	0.417808219178	0.322580645161	0.342105263158	0.34	0.342105263158	0.331125827815	0.324503311258	1.0	0.263513513514	0.3	0.274647887324	0.302158273381	0.297101449275	0.453333333333	0.456375838926	0.459459459459	0.44966442953	0.447368421053	0.305194805195	0.318181818182	0.311688311688	0.311688311688	0.318181818182	0.318181818182	0.318181818182	0.318181818182	0.318181818182	0.376712328767	0.428571428571	0.43537414966	0.408163265306	0.346666666667	0.427586206897	0.409090909091	0.402597402597	0.409090909091	0.233576642336	0.311688311688	0.305194805195	0.355704697987	0.318181818182	0.391891891892	0.298701298701	0.44966442953	0.424657534247	0.43537414966	0.442953020134	0.417808219178	0.442953020134	0.24025974026	0.24025974026	0.428571428571	0.459459459459	0.433333333333	1.0	0.427586206897	0.32	0.337837837838	0.428571428571	0.292207792208	0.285714285714	0.337748344371	0.266233766234	0.272727272727	0.279220779221	0.496598639456	0.428571428571	0.219858156028	0.221428571429	0.221428571429	0.212765957447	0.216783216783	0.220689655172	0.215277777778	0.235294117647	0.253246753247	0.215827338129	0.191489361702	0.272727272727	0.409090909091	0.326530612245	0.386206896552	1.0	1.0	0.350649350649	0.258928571429	0.344370860927	0.346666666667	0.223140495868	0.417218543046	0.266233766234	0.311688311688	0.43537414966	0.43537414966	0.274074074074	0.43537414966	0.443708609272	0.462585034014	0.446666666667	0.201298701299	0.268115942029	1.0	0.299270072993	0.445945945946	0.431506849315	0.264462809917	0.43537414966	0.298701298701	0.424657534247	0.38961038961	0.363636363636	0.424657534247	0.424657534247	0.285714285714	0.428571428571	0.414965986395	0.493243243243	0.311688311688	0.311688311688	0.311688311688	0.436241610738	0.428571428571	0.243902439024	1.0	
