d.108	77
1.0	0.205882352941	0.205882352941	0.205882352941	0.213235294118	0.227941176471	0.213235294118	0.227941176471	0.272058823529	0.230769230769	0.254237288136	0.272058823529	0.272058823529	0.272058823529	0.25	0.257352941176	0.225563909774	0.230769230769	0.235294117647	0.227941176471	0.235294117647	0.191176470588	0.198529411765	0.227941176471	0.227941176471	0.242647058824	0.183823529412	0.272058823529	0.264705882353	0.194174757282	0.227941176471	0.235294117647	0.213235294118	0.227941176471	0.286764705882	0.286764705882	0.223880597015	0.191176470588	0.191176470588	0.231343283582	0.198412698413	0.192	0.257352941176	0.227941176471	0.242647058824	0.705882352941	0.705882352941	0.25	0.25	0.191176470588	0.227941176471	0.286764705882	0.205882352941	0.213235294118	0.220588235294	0.227941176471	0.316176470588	0.323529411765	0.316176470588	0.316176470588	0.544117647059	0.544117647059	0.316176470588	0.294117647059	0.272058823529	0.221052631579	0.264705882353	0.235294117647	0.235294117647	0.213235294118	0.230769230769	0.227941176471	0.272058823529	0.25	0.286764705882	0.205882352941	0.234042553191	
0.205882352941	1.0	1.0	0.172413793103	0.227586206897	0.227586206897	0.227586206897	0.220689655172	0.2	0.307692307692	0.237288135593	0.234482758621	0.241379310345	0.241379310345	0.2	0.172413793103	0.240601503759	0.269230769231	0.28275862069	0.206896551724	0.226277372263	0.242857142857	0.220689655172	0.213793103448	0.221428571429	0.220689655172	0.206896551724	0.268965517241	0.186206896552	0.281553398058	0.213793103448	0.213793103448	0.179310344828	0.213793103448	0.241379310345	0.241379310345	0.223880597015	0.213793103448	0.220689655172	0.194029850746	0.285714285714	0.216	0.4	0.220689655172	0.241379310345	0.213793103448	0.248275862069	0.206896551724	0.213793103448	0.244755244755	0.234482758621	0.220689655172	0.213793103448	0.206896551724	0.265734265734	0.260563380282	0.193103448276	0.186206896552	0.220689655172	0.220689655172	0.206896551724	0.213793103448	0.186206896552	0.206896551724	0.268965517241	0.263157894737	0.220689655172	0.255474452555	0.213793103448	0.227586206897	0.269230769231	0.220689655172	0.255172413793	0.206896551724	0.227586206897	0.220689655172	0.276595744681	
0.205882352941	1.0	1.0	0.173611111111	0.215277777778	0.208333333333	0.229166666667	0.208333333333	0.208333333333	0.307692307692	0.228813559322	0.229166666667	0.236111111111	0.236111111111	0.194444444444	0.166666666667	0.218045112782	0.276923076923	0.277777777778	0.208333333333	0.240875912409	0.242857142857	0.215277777778	0.215277777778	0.214285714286	0.222222222222	0.194444444444	0.270833333333	0.1875	0.271844660194	0.208333333333	0.208333333333	0.180555555556	0.208333333333	0.243055555556	0.243055555556	0.223880597015	0.215277777778	0.215277777778	0.231343283582	0.285714285714	0.216	0.395833333333	0.222222222222	0.229166666667	0.243055555556	0.208333333333	0.208333333333	0.208333333333	0.237762237762	0.229166666667	0.201388888889	0.208333333333	0.208333333333	0.258741258741	0.267605633803	0.1875	0.201388888889	0.229166666667	0.222222222222	0.201388888889	0.208333333333	0.1875	0.208333333333	0.270833333333	0.263157894737	0.222222222222	0.248175182482	0.208333333333	0.229166666667	0.276923076923	0.222222222222	0.256944444444	0.208333333333	0.208333333333	0.222222222222	0.265957446809	
0.205882352941	0.172413793103	0.173611111111	1.0	0.191082802548	0.183544303797	0.181818181818	0.192307692308	0.228187919463	0.263736263736	0.245762711864	0.228187919463	0.22972972973	0.231292517007	0.210191082803	0.203821656051	0.255639097744	0.215384615385	0.211538461538	0.198675496689	0.204379562044	0.25	0.210191082803	0.220689655172	0.192857142857	0.185897435897	0.267123287671	0.169811320755	0.181208053691	0.252427184466	0.203947368421	0.205298013245	0.210191082803	0.183544303797	0.206666666667	0.205298013245	0.186567164179	0.18954248366	0.188311688312	0.171641791045	0.214285714286	0.232	0.179310344828	0.525	0.25625	0.21568627451	0.225806451613	0.223684210526	0.21568627451	0.223776223776	0.272151898734	0.267515923567	0.213836477987	0.197452229299	0.174825174825	0.176056338028	0.218543046358	0.217105263158	0.22	0.221476510067	0.222929936306	0.217105263158	0.222972972973	0.25	0.201257861635	0.273684210526	0.23178807947	0.248175182482	0.214285714286	0.183544303797	0.215384615385	0.183006535948	0.2	0.153333333333	0.269230769231	0.197452229299	0.212765957447	
0.213235294118	0.227586206897	0.215277777778	0.191082802548	1.0	0.993630573248	1.0	1.0	0.248322147651	0.274725274725	0.237288135593	0.208053691275	0.209459459459	0.210884353741	0.299363057325	0.292993630573	0.270676691729	0.192307692308	0.198717948718	0.238410596026	0.211678832117	0.242857142857	0.191082802548	0.234482758621	0.25	0.211538461538	0.212328767123	0.248407643312	0.228187919463	0.242718446602	0.236842105263	0.225165562914	0.235668789809	0.203821656051	0.193333333333	0.185430463576	0.208955223881	0.183006535948	0.188311688312	0.201492537313	0.222222222222	0.24	0.2	0.216560509554	0.197452229299	0.202614379085	0.193548387097	0.256578947368	0.254901960784	0.27972027972	0.222929936306	0.242038216561	0.229299363057	0.229299363057	0.328671328671	0.330985915493	0.251655629139	0.263157894737	0.253333333333	0.241610738255	0.229299363057	0.236842105263	0.256756756757	0.222929936306	0.210191082803	0.263157894737	0.205298013245	0.270072992701	0.220779220779	1.0	0.192307692308	1.0	0.235668789809	0.3	0.24358974359	0.178343949045	0.287234042553	
0.227941176471	0.227586206897	0.208333333333	0.183544303797	0.993630573248	1.0	0.993506493506	1.0	0.241610738255	0.263736263736	0.245762711864	0.201342281879	0.189189189189	0.204081632653	0.305732484076	0.28025477707	0.263157894737	0.2	0.205128205128	0.23178807947	0.233576642336	0.25	0.197452229299	0.227586206897	0.25	0.198717948718	0.219178082192	0.246835443038	0.228187919463	0.26213592233	0.243421052632	0.251655629139	0.229299363057	0.208860759494	0.193333333333	0.198675496689	0.216417910448	0.18954248366	0.188311688312	0.201492537313	0.206349206349	0.232	0.206896551724	0.208860759494	0.221518987342	0.209150326797	0.21935483871	0.236842105263	0.261437908497	0.286713286713	0.227848101266	0.242038216561	0.246835443038	0.235668789809	0.34965034965	0.345070422535	0.258278145695	0.243421052632	0.286666666667	0.281879194631	0.261146496815	0.263157894737	0.25	0.221518987342	0.246835443038	0.231578947368	0.205298013245	0.262773722628	0.227272727273	0.993670886076	0.2	1.0	0.215189873418	0.3	0.24358974359	0.184713375796	0.31914893617	
0.213235294118	0.227586206897	0.229166666667	0.181818181818	1.0	0.993506493506	1.0	0.993506493506	0.248322147651	0.274725274725	0.237288135593	0.221476510067	0.202702702703	0.204081632653	0.305194805195	0.298701298701	0.270676691729	0.192307692308	0.201298701299	0.238410596026	0.211678832117	0.242857142857	0.194805194805	0.206896551724	0.235714285714	0.207792207792	0.219178082192	0.253246753247	0.228187919463	0.242718446602	0.236842105263	0.225165562914	0.233766233766	0.207792207792	0.193333333333	0.185430463576	0.208955223881	0.176470588235	0.175324675325	0.186567164179	0.222222222222	0.24	0.2	0.220779220779	0.201298701299	0.202614379085	0.194805194805	0.256578947368	0.254901960784	0.265734265734	0.227272727273	0.246753246753	0.233766233766	0.233766233766	0.328671328671	0.330985915493	0.258278145695	0.25	0.24	0.248322147651	0.233766233766	0.236842105263	0.256756756757	0.227272727273	0.214285714286	0.263157894737	0.205298013245	0.270072992701	0.227272727273	1.0	0.192307692308	1.0	0.24025974026	0.3	0.246753246753	0.175324675325	0.287234042553	
0.227941176471	0.220689655172	0.208333333333	0.192307692308	1.0	1.0	0.993506493506	1.0	0.234899328859	0.274725274725	0.237288135593	0.194630872483	0.195945945946	0.210884353741	0.301282051282	0.282051282051	0.255639097744	0.192307692308	0.198717948718	0.23178807947	0.211678832117	0.242857142857	0.192307692308	0.227586206897	0.242857142857	0.205128205128	0.212328767123	0.237179487179	0.228187919463	0.252427184466	0.230263157895	0.238410596026	0.237179487179	0.198717948718	0.186666666667	0.192052980132	0.216417910448	0.18954248366	0.194805194805	0.201492537313	0.198412698413	0.232	0.2	0.211538461538	0.217948717949	0.209150326797	0.2	0.256578947368	0.254901960784	0.27972027972	0.224358974359	0.24358974359	0.237179487179	0.237179487179	0.342657342657	0.345070422535	0.245033112583	0.256578947368	0.286666666667	0.275167785235	0.230769230769	0.230263157895	0.25	0.224358974359	0.237179487179	0.242105263158	0.205298013245	0.255474452555	0.220779220779	1.0	0.192307692308	1.0	0.205128205128	0.3	0.24358974359	0.185897435897	0.287234042553	
0.272058823529	0.2	0.208333333333	0.228187919463	0.248322147651	0.241610738255	0.248322147651	0.234899328859	1.0	0.263736263736	0.228813559322	0.234899328859	0.236486486486	0.238095238095	0.275167785235	0.275167785235	0.203007518797	0.207692307692	0.234899328859	0.221476510067	0.262773722628	0.228571428571	0.214765100671	0.227586206897	0.2	0.241610738255	0.205479452055	0.214765100671	0.255033557047	0.242718446602	0.228187919463	0.228187919463	0.228187919463	0.241610738255	0.208053691275	0.208053691275	0.298507462687	0.234899328859	0.228187919463	0.261194029851	0.222222222222	0.216	0.172413793103	0.234899328859	0.234899328859	0.221476510067	0.221476510067	0.214765100671	0.208053691275	0.230769230769	0.255033557047	0.228187919463	0.241610738255	0.241610738255	0.188811188811	0.19014084507	0.255033557047	0.261744966443	0.255033557047	0.261744966443	0.194630872483	0.187919463087	0.256756756757	0.214765100671	0.221476510067	0.252631578947	0.201342281879	0.189781021898	0.181208053691	0.255033557047	0.207692307692	0.234899328859	0.221476510067	0.228187919463	0.228187919463	0.234899328859	0.276595744681	
0.230769230769	0.307692307692	0.307692307692	0.263736263736	0.274725274725	0.263736263736	0.274725274725	0.274725274725	0.263736263736	1.0	0.241758241758	0.241758241758	0.241758241758	0.230769230769	0.197802197802	0.208791208791	0.241758241758	0.208791208791	0.230769230769	0.197802197802	0.296703296703	0.208791208791	0.21978021978	0.241758241758	0.197802197802	0.263736263736	0.241758241758	0.285714285714	0.296703296703	1.0	0.197802197802	0.197802197802	0.263736263736	0.263736263736	0.307692307692	0.307692307692	0.230769230769	0.252747252747	0.252747252747	0.21978021978	0.186813186813	0.186813186813	0.274725274725	0.296703296703	0.296703296703	0.318681318681	0.296703296703	0.263736263736	0.263736263736	0.274725274725	0.274725274725	0.186813186813	0.208791208791	0.208791208791	0.252747252747	0.252747252747	0.230769230769	0.252747252747	0.252747252747	0.252747252747	0.230769230769	0.230769230769	0.241758241758	0.307692307692	0.318681318681	1.0	0.230769230769	0.208791208791	0.21978021978	0.274725274725	0.208791208791	0.274725274725	0.318681318681	0.285714285714	0.186813186813	0.252747252747	0.274725274725	
0.254237288136	0.237288135593	0.228813559322	0.245762711864	0.237288135593	0.245762711864	0.237288135593	0.237288135593	0.228813559322	0.241758241758	1.0	0.186440677966	0.186440677966	0.186440677966	0.21186440678	0.220338983051	0.161016949153	0.186440677966	0.262711864407	0.21186440678	0.228813559322	0.203389830508	0.21186440678	0.220338983051	0.203389830508	0.220338983051	0.186440677966	0.237288135593	0.279661016949	0.21359223301	0.177966101695	0.169491525424	0.254237288136	0.245762711864	0.245762711864	0.262711864407	0.262711864407	0.186440677966	0.186440677966	0.169491525424	0.228813559322	0.228813559322	0.228813559322	0.21186440678	0.220338983051	0.237288135593	0.228813559322	0.194915254237	0.203389830508	0.271186440678	0.21186440678	0.305084745763	0.245762711864	0.237288135593	0.220338983051	0.220338983051	0.21186440678	0.21186440678	0.21186440678	0.21186440678	0.313559322034	0.313559322034	0.186440677966	0.237288135593	0.237288135593	0.231578947368	0.220338983051	0.254237288136	0.21186440678	0.237288135593	0.177966101695	0.237288135593	0.254237288136	0.220338983051	0.305084745763	0.186440677966	0.265957446809	
0.272058823529	0.234482758621	0.229166666667	0.228187919463	0.208053691275	0.201342281879	0.221476510067	0.194630872483	0.234899328859	0.241758241758	0.186440677966	1.0	1.0	1.0	0.201342281879	0.201342281879	0.240601503759	0.223076923077	0.201342281879	0.221476510067	0.248175182482	0.257142857143	0.221476510067	0.234482758621	0.278571428571	0.221476510067	0.246575342466	0.248322147651	0.208053691275	0.233009708738	0.214765100671	0.208053691275	0.228187919463	0.221476510067	0.194630872483	0.194630872483	0.223880597015	0.208053691275	0.208053691275	0.216417910448	0.230158730159	0.192	0.241379310345	0.228187919463	0.214765100671	0.281879194631	0.281879194631	0.228187919463	0.234899328859	0.328671328671	0.187919463087	0.241610738255	0.181208053691	0.181208053691	0.216783216783	0.218309859155	0.201342281879	0.201342281879	0.187919463087	0.187919463087	0.241610738255	0.241610738255	0.195945945946	0.261744966443	0.234899328859	0.242105263158	0.241610738255	0.255474452555	0.228187919463	0.214765100671	0.223076923077	0.208053691275	0.234899328859	0.234899328859	0.261744966443	0.208053691275	0.234042553191	
0.272058823529	0.241379310345	0.236111111111	0.22972972973	0.209459459459	0.189189189189	0.202702702703	0.195945945946	0.236486486486	0.241758241758	0.186440677966	1.0	1.0	1.0	0.209459459459	0.202702702703	0.240601503759	0.215384615385	0.202702702703	0.216216216216	0.248175182482	0.257142857143	0.222972972973	0.234482758621	0.271428571429	0.243243243243	0.246575342466	0.236486486486	0.209459459459	0.233009708738	0.216216216216	0.209459459459	0.236486486486	0.209459459459	0.195945945946	0.195945945946	0.223880597015	0.209459459459	0.209459459459	0.231343283582	0.230158730159	0.184	0.241379310345	0.22972972973	0.216216216216	0.277027027027	0.277027027027	0.236486486486	0.236486486486	0.328671328671	0.189189189189	0.243243243243	0.175675675676	0.175675675676	0.258741258741	0.218309859155	0.202702702703	0.202702702703	0.189189189189	0.189189189189	0.236486486486	0.236486486486	0.189189189189	0.263513513514	0.222972972973	0.242105263158	0.243243243243	0.255474452555	0.22972972973	0.202702702703	0.215384615385	0.189189189189	0.222972972973	0.263513513514	0.263513513514	0.209459459459	0.234042553191	
0.272058823529	0.241379310345	0.236111111111	0.231292517007	0.210884353741	0.204081632653	0.204081632653	0.210884353741	0.238095238095	0.230769230769	0.186440677966	1.0	1.0	1.0	0.210884353741	0.210884353741	0.233082706767	0.215384615385	0.21768707483	0.21768707483	0.240875912409	0.257142857143	0.231292517007	0.227586206897	0.271428571429	0.251700680272	0.239726027397	0.231292517007	0.210884353741	0.242718446602	0.21768707483	0.21768707483	0.238095238095	0.21768707483	0.197278911565	0.197278911565	0.223880597015	0.204081632653	0.204081632653	0.231343283582	0.230158730159	0.184	0.241379310345	0.224489795918	0.210884353741	0.258503401361	0.258503401361	0.238095238095	0.238095238095	0.328671328671	0.190476190476	0.265306122449	0.176870748299	0.176870748299	0.258741258741	0.218309859155	0.204081632653	0.204081632653	0.190476190476	0.190476190476	0.238095238095	0.238095238095	0.190476190476	0.265306122449	0.21768707483	0.231578947368	0.244897959184	0.233576642336	0.231292517007	0.204081632653	0.215384615385	0.204081632653	0.21768707483	0.265306122449	0.244897959184	0.204081632653	0.234042553191	
0.25	0.2	0.194444444444	0.210191082803	0.299363057325	0.305732484076	0.305194805195	0.301282051282	0.275167785235	0.197802197802	0.21186440678	0.201342281879	0.209459459459	0.210884353741	1.0	0.987261146497	0.278195488722	0.253846153846	0.192307692308	0.264900662252	0.248175182482	0.242857142857	0.222929936306	0.227586206897	0.214285714286	0.230769230769	0.294520547945	0.203821656051	0.275167785235	0.203883495146	0.269736842105	0.264900662252	0.248407643312	0.235668789809	0.22	0.218543046358	0.231343283582	0.209150326797	0.207792207792	0.186567164179	0.198412698413	0.256	0.193103448276	0.254777070064	0.210191082803	0.228758169935	0.232258064516	0.203947368421	0.21568627451	0.272727272727	0.254777070064	0.312101910828	0.286624203822	0.261146496815	0.272727272727	0.274647887324	0.245033112583	0.243421052632	0.226666666667	0.228187919463	0.229299363057	0.223684210526	0.243243243243	0.254777070064	0.210191082803	0.189473684211	0.258278145695	0.299270072993	0.24025974026	0.299363057325	0.253846153846	0.307189542484	0.210191082803	0.226666666667	0.314102564103	0.203821656051	0.234042553191	
0.257352941176	0.172413793103	0.166666666667	0.203821656051	0.292993630573	0.28025477707	0.298701298701	0.282051282051	0.275167785235	0.208791208791	0.220338983051	0.201342281879	0.202702702703	0.210884353741	0.987261146497	1.0	0.255639097744	0.246153846154	0.198717948718	0.264900662252	0.226277372263	0.228571428571	0.216560509554	0.220689655172	0.221428571429	0.230769230769	0.280821917808	0.197452229299	0.261744966443	0.184466019417	0.263157894737	0.278145695364	0.248407643312	0.229299363057	0.22	0.211920529801	0.238805970149	0.209150326797	0.207792207792	0.194029850746	0.206349206349	0.192	0.206896551724	0.261146496815	0.203821656051	0.222222222222	0.21935483871	0.203947368421	0.196078431373	0.272727272727	0.267515923567	0.299363057325	0.267515923567	0.273885350318	0.258741258741	0.260563380282	0.225165562914	0.236842105263	0.226666666667	0.228187919463	0.222929936306	0.217105263158	0.22972972973	0.267515923567	0.203821656051	0.2	0.264900662252	0.299270072993	0.220779220779	0.292993630573	0.246153846154	0.287581699346	0.203821656051	0.226666666667	0.301282051282	0.203821656051	0.223404255319	
0.225563909774	0.240601503759	0.218045112782	0.255639097744	0.270676691729	0.263157894737	0.270676691729	0.255639097744	0.203007518797	0.241758241758	0.161016949153	0.240601503759	0.240601503759	0.233082706767	0.278195488722	0.255639097744	1.0	0.215384615385	0.248120300752	0.263157894737	0.233082706767	0.210526315789	0.248120300752	0.248120300752	0.248120300752	0.225563909774	0.293233082707	0.225563909774	0.233082706767	0.233009708738	0.263157894737	0.263157894737	0.210526315789	0.233082706767	0.248120300752	0.240601503759	0.15037593985	0.187969924812	0.172932330827	0.263157894737	0.190476190476	0.192	0.187969924812	0.255639097744	0.225563909774	0.285714285714	0.278195488722	0.218045112782	0.263157894737	0.225563909774	0.210526315789	0.278195488722	0.248120300752	0.240601503759	0.263157894737	0.255639097744	0.203007518797	0.203007518797	0.203007518797	0.203007518797	0.218045112782	0.218045112782	0.203007518797	0.210526315789	0.233082706767	0.231578947368	0.248120300752	0.285714285714	0.240601503759	0.270676691729	0.223076923077	0.255639097744	0.233082706767	0.195488721805	0.278195488722	0.172932330827	0.202127659574	
0.230769230769	0.269230769231	0.276923076923	0.215384615385	0.192307692308	0.2	0.192307692308	0.192307692308	0.207692307692	0.208791208791	0.186440677966	0.223076923077	0.215384615385	0.215384615385	0.253846153846	0.246153846154	0.215384615385	1.0	0.253846153846	0.230769230769	0.230769230769	0.184615384615	0.246153846154	0.238461538462	0.253846153846	0.307692307692	0.230769230769	0.230769230769	0.269230769231	0.203883495146	0.238461538462	0.230769230769	0.253846153846	0.315384615385	0.276923076923	0.261538461538	0.207692307692	0.207692307692	0.207692307692	0.207692307692	0.253968253968	0.192	0.230769230769	0.215384615385	0.261538461538	0.215384615385	0.215384615385	0.223076923077	0.230769230769	0.223076923077	0.246153846154	0.223076923077	0.238461538462	0.230769230769	0.261538461538	0.261538461538	0.238461538462	0.238461538462	0.238461538462	0.238461538462	0.253846153846	0.253846153846	0.238461538462	0.192307692308	0.223076923077	0.231578947368	0.176923076923	0.230769230769	0.215384615385	0.192307692308	0.992307692308	0.192307692308	0.238461538462	0.261538461538	0.207692307692	0.223076923077	0.255319148936	
0.235294117647	0.28275862069	0.277777777778	0.211538461538	0.198717948718	0.205128205128	0.201298701299	0.198717948718	0.234899328859	0.230769230769	0.262711864407	0.201342281879	0.202702702703	0.21768707483	0.192307692308	0.198717948718	0.248120300752	0.253846153846	1.0	0.238410596026	0.233576642336	0.221428571429	0.166666666667	0.227586206897	0.171428571429	0.160256410256	0.246575342466	0.198717948718	0.201342281879	0.252427184466	0.243421052632	0.245033112583	0.211538461538	0.166666666667	0.213333333333	0.211920529801	0.194029850746	0.222222222222	0.227272727273	0.216417910448	0.293650793651	0.216	0.241379310345	0.230769230769	0.211538461538	0.209150326797	0.206451612903	0.256578947368	0.261437908497	0.202797202797	0.24358974359	0.224358974359	0.25	0.24358974359	0.237762237762	0.232394366197	0.211920529801	0.203947368421	0.206666666667	0.208053691275	0.205128205128	0.203947368421	0.209459459459	0.173076923077	0.205128205128	0.221052631579	0.205298013245	0.197080291971	0.12987012987	0.198717948718	0.253846153846	0.202614379085	0.205128205128	0.253333333333	0.224358974359	0.224358974359	0.255319148936	
0.227941176471	0.206896551724	0.208333333333	0.198675496689	0.238410596026	0.23178807947	0.238410596026	0.23178807947	0.221476510067	0.197802197802	0.21186440678	0.221476510067	0.216216216216	0.21768707483	0.264900662252	0.264900662252	0.263157894737	0.230769230769	0.238410596026	1.0	0.240875912409	0.25	0.172185430464	0.220689655172	0.235714285714	0.192052980132	0.205479452055	0.225165562914	0.288590604027	0.21359223301	1.0	0.993377483444	0.271523178808	0.198675496689	0.22	0.211920529801	0.223880597015	0.165562913907	0.172185430464	0.216417910448	0.261904761905	0.208	0.206896551724	0.264900662252	0.192052980132	0.245033112583	0.251655629139	0.251655629139	0.251655629139	0.188811188811	0.251655629139	0.23178807947	0.185430463576	0.17880794702	0.251748251748	0.232394366197	0.251655629139	0.251655629139	0.253333333333	0.255033557047	0.23178807947	0.225165562914	0.256756756757	0.245033112583	0.225165562914	0.2	0.549668874172	0.248175182482	0.172185430464	0.245033112583	0.246153846154	0.23178807947	0.211920529801	0.206666666667	0.211920529801	0.172185430464	0.287234042553	
0.235294117647	0.226277372263	0.240875912409	0.204379562044	0.211678832117	0.233576642336	0.211678832117	0.211678832117	0.262773722628	0.296703296703	0.228813559322	0.248175182482	0.248175182482	0.240875912409	0.248175182482	0.226277372263	0.233082706767	0.230769230769	0.233576642336	0.240875912409	1.0	0.240875912409	0.248175182482	0.284671532847	0.197080291971	0.270072992701	0.233576642336	0.240875912409	0.277372262774	0.300970873786	0.233576642336	0.240875912409	0.255474452555	0.270072992701	0.233576642336	0.233576642336	0.201492537313	0.233576642336	0.233576642336	0.231343283582	0.269841269841	0.256	0.240875912409	0.211678832117	0.21897810219	0.248175182482	0.248175182482	0.248175182482	0.233576642336	0.226277372263	0.270072992701	0.255474452555	0.211678832117	0.21897810219	0.204379562044	0.204379562044	0.211678832117	0.211678832117	0.197080291971	0.197080291971	0.277372262774	0.277372262774	0.197080291971	0.21897810219	0.240875912409	0.294736842105	0.21897810219	0.262773722628	0.233576642336	0.211678832117	0.230769230769	0.211678832117	0.240875912409	0.313868613139	0.270072992701	0.233576642336	0.287234042553	
0.191176470588	0.242857142857	0.242857142857	0.25	0.242857142857	0.25	0.242857142857	0.242857142857	0.228571428571	0.208791208791	0.203389830508	0.257142857143	0.257142857143	0.257142857143	0.242857142857	0.228571428571	0.210526315789	0.184615384615	0.221428571429	0.25	0.240875912409	1.0	0.271428571429	0.25	0.25	0.271428571429	0.185714285714	0.257142857143	0.292857142857	0.233009708738	0.257142857143	0.25	0.235714285714	0.278571428571	0.214285714286	0.214285714286	0.231343283582	0.164285714286	0.164285714286	0.194029850746	0.238095238095	0.256	0.192857142857	0.228571428571	0.235714285714	0.235714285714	0.242857142857	0.221428571429	0.228571428571	0.242857142857	0.257142857143	0.207142857143	0.278571428571	0.257142857143	0.235714285714	0.235714285714	0.278571428571	0.278571428571	0.271428571429	0.228571428571	0.214285714286	0.2	0.228571428571	0.285714285714	0.264285714286	0.252631578947	0.257142857143	0.211678832117	0.228571428571	0.242857142857	0.184615384615	0.242857142857	0.264285714286	0.307142857143	0.2	0.164285714286	0.265957446809	
0.198529411765	0.220689655172	0.215277777778	0.210191082803	0.191082802548	0.197452229299	0.194805194805	0.192307692308	0.214765100671	0.21978021978	0.21186440678	0.221476510067	0.222972972973	0.231292517007	0.222929936306	0.216560509554	0.248120300752	0.246153846154	0.166666666667	0.172185430464	0.248175182482	0.271428571429	1.0	0.220689655172	0.221428571429	0.24358974359	0.232876712329	0.210191082803	0.187919463087	0.223300970874	0.177631578947	0.17880794702	0.235668789809	0.248407643312	0.2	0.205298013245	0.179104477612	0.202614379085	0.201298701299	0.179104477612	0.253968253968	0.264	0.234482758621	0.222929936306	0.267515923567	0.209150326797	0.206451612903	0.243421052632	0.248366013072	0.244755244755	0.216560509554	0.203821656051	0.242038216561	0.222929936306	0.237762237762	0.239436619718	0.205298013245	0.203947368421	0.206666666667	0.208053691275	0.165605095541	0.171052631579	0.209459459459	0.203821656051	0.203821656051	0.221052631579	0.165562913907	0.262773722628	0.207792207792	0.191082802548	0.246153846154	0.196078431373	0.203821656051	0.24	0.198717948718	0.203821656051	0.244680851064	
0.227941176471	0.213793103448	0.215277777778	0.220689655172	0.234482758621	0.227586206897	0.206896551724	0.227586206897	0.227586206897	0.241758241758	0.220338983051	0.234482758621	0.234482758621	0.227586206897	0.227586206897	0.220689655172	0.248120300752	0.238461538462	0.227586206897	0.220689655172	0.284671532847	0.25	0.220689655172	1.0	0.271428571429	0.234482758621	0.220689655172	0.206896551724	0.248275862069	0.242718446602	0.213793103448	0.2	0.2	0.234482758621	0.241379310345	0.241379310345	0.208955223881	0.179310344828	0.179310344828	0.208955223881	0.285714285714	0.264	0.234482758621	0.255172413793	0.206896551724	0.255172413793	0.255172413793	0.186206896552	0.186206896552	0.251748251748	0.227586206897	0.206896551724	0.296551724138	0.296551724138	0.251748251748	0.253521126761	0.186206896552	0.179310344828	0.179310344828	0.179310344828	0.248275862069	0.248275862069	0.179310344828	0.262068965517	0.206896551724	0.263157894737	0.213793103448	0.21897810219	0.220689655172	0.234482758621	0.238461538462	0.2	0.186206896552	0.220689655172	0.206896551724	0.179310344828	0.255319148936	
0.227941176471	0.221428571429	0.214285714286	0.192857142857	0.25	0.25	0.235714285714	0.242857142857	0.2	0.197802197802	0.203389830508	0.278571428571	0.271428571429	0.271428571429	0.214285714286	0.221428571429	0.248120300752	0.253846153846	0.171428571429	0.235714285714	0.197080291971	0.25	0.221428571429	0.271428571429	1.0	0.278571428571	0.221428571429	0.228571428571	0.235714285714	0.223300970874	0.235714285714	0.235714285714	0.185714285714	0.285714285714	0.228571428571	0.221428571429	0.15671641791	0.228571428571	0.207142857143	0.201492537313	0.222222222222	0.216	0.228571428571	0.214285714286	0.214285714286	0.214285714286	0.207142857143	0.214285714286	0.214285714286	0.414285714286	0.271428571429	0.2	0.2	0.192857142857	0.2	0.2	0.214285714286	0.221428571429	0.207142857143	0.207142857143	0.278571428571	0.264285714286	0.214285714286	0.278571428571	0.221428571429	0.189473684211	0.242857142857	0.262773722628	0.228571428571	0.25	0.261538461538	0.228571428571	0.214285714286	0.25	0.221428571429	0.214285714286	0.308510638298	
0.242647058824	0.220689655172	0.222222222222	0.185897435897	0.211538461538	0.198717948718	0.207792207792	0.205128205128	0.241610738255	0.263736263736	0.220338983051	0.221476510067	0.243243243243	0.251700680272	0.230769230769	0.230769230769	0.225563909774	0.307692307692	0.160256410256	0.192052980132	0.270072992701	0.271428571429	0.24358974359	0.234482758621	0.278571428571	1.0	0.301369863014	0.230769230769	0.228187919463	0.281553398058	0.184210526316	0.185430463576	0.25	1.0	0.233333333333	0.245033112583	0.223880597015	0.196078431373	0.194805194805	0.268656716418	0.269841269841	0.224	0.268965517241	0.24358974359	0.24358974359	0.222222222222	0.21935483871	0.243421052632	0.241830065359	0.244755244755	0.230769230769	0.25	0.237179487179	0.237179487179	0.27972027972	0.281690140845	0.218543046358	0.230263157895	0.226666666667	0.214765100671	0.211538461538	0.210526315789	0.236486486486	0.288461538462	0.25641025641	0.252631578947	0.192052980132	0.233576642336	0.207792207792	0.205128205128	0.307692307692	0.202614379085	0.24358974359	0.246666666667	0.25	0.192307692308	0.223404255319	
0.183823529412	0.206896551724	0.194444444444	0.267123287671	0.212328767123	0.219178082192	0.219178082192	0.212328767123	0.205479452055	0.241758241758	0.186440677966	0.246575342466	0.246575342466	0.239726027397	0.294520547945	0.280821917808	0.293233082707	0.230769230769	0.246575342466	0.205479452055	0.233576642336	0.185714285714	0.232876712329	0.220689655172	0.221428571429	0.301369863014	1.0	0.22602739726	0.212328767123	0.233009708738	0.212328767123	0.198630136986	0.287671232877	0.301369863014	0.198630136986	0.198630136986	0.164179104478	0.212328767123	0.212328767123	0.223880597015	0.198412698413	0.184	0.213793103448	0.246575342466	0.198630136986	0.212328767123	0.212328767123	0.22602739726	0.212328767123	0.251748251748	0.212328767123	0.219178082192	0.253424657534	0.246575342466	0.223776223776	0.211267605634	0.219178082192	0.219178082192	0.219178082192	0.212328767123	0.239726027397	0.239726027397	0.212328767123	0.212328767123	0.232876712329	0.242105263158	0.239726027397	0.248175182482	0.253424657534	0.22602739726	0.230769230769	0.219178082192	0.22602739726	0.232876712329	0.232876712329	0.205479452055	0.255319148936	
0.272058823529	0.268965517241	0.270833333333	0.169811320755	0.248407643312	0.246835443038	0.253246753247	0.237179487179	0.214765100671	0.285714285714	0.237288135593	0.248322147651	0.236486486486	0.231292517007	0.203821656051	0.197452229299	0.225563909774	0.230769230769	0.198717948718	0.225165562914	0.240875912409	0.257142857143	0.210191082803	0.206896551724	0.228571428571	0.230769230769	0.22602739726	1.0	0.228187919463	0.26213592233	0.217105263158	0.205298013245	0.210191082803	0.240506329114	0.286666666667	0.291390728477	0.216417910448	0.183006535948	0.181818181818	0.216417910448	0.238095238095	0.232	0.248275862069	0.176100628931	0.232704402516	0.228758169935	0.225806451613	0.25	0.254901960784	0.20979020979	0.221518987342	0.197452229299	0.207547169811	0.203821656051	0.293706293706	0.295774647887	0.211920529801	0.210526315789	0.213333333333	0.201342281879	0.242038216561	0.25	0.216216216216	0.245283018868	0.981132075472	0.273684210526	0.238410596026	0.211678832117	0.220779220779	0.246835443038	0.223076923077	0.241830065359	0.981132075472	0.22	0.192307692308	0.178343949045	0.276595744681	
0.264705882353	0.186206896552	0.1875	0.181208053691	0.228187919463	0.228187919463	0.228187919463	0.228187919463	0.255033557047	0.296703296703	0.279661016949	0.208053691275	0.209459459459	0.210884353741	0.275167785235	0.261744966443	0.233082706767	0.269230769231	0.201342281879	0.288590604027	0.277372262774	0.292857142857	0.187919463087	0.248275862069	0.235714285714	0.228187919463	0.212328767123	0.228187919463	1.0	0.281553398058	0.288590604027	0.275167785235	0.241610738255	0.234899328859	0.241610738255	0.241610738255	0.238805970149	0.228187919463	0.228187919463	0.268656716418	0.246031746032	0.208	0.241379310345	0.268456375839	0.208053691275	0.268456375839	0.268456375839	0.201342281879	0.208053691275	0.244755244755	0.194630872483	0.275167785235	0.275167785235	0.275167785235	0.216783216783	0.232394366197	0.255033557047	0.261744966443	0.241610738255	0.241610738255	0.248322147651	0.248322147651	0.256756756757	0.268456375839	0.234899328859	0.273684210526	0.255033557047	0.240875912409	0.255033557047	0.228187919463	0.253846153846	0.228187919463	0.234899328859	0.275167785235	0.275167785235	0.228187919463	0.31914893617	
0.194174757282	0.281553398058	0.271844660194	0.252427184466	0.242718446602	0.26213592233	0.242718446602	0.252427184466	0.242718446602	1.0	0.21359223301	0.233009708738	0.233009708738	0.242718446602	0.203883495146	0.184466019417	0.233009708738	0.203883495146	0.252427184466	0.21359223301	0.300970873786	0.233009708738	0.223300970874	0.242718446602	0.223300970874	0.281553398058	0.233009708738	0.26213592233	0.281553398058	1.0	0.223300970874	0.223300970874	0.252427184466	0.26213592233	0.281553398058	0.31067961165	0.223300970874	0.271844660194	0.233009708738	0.223300970874	0.184466019417	0.194174757282	0.26213592233	0.252427184466	0.281553398058	0.291262135922	0.31067961165	0.252427184466	0.26213592233	0.271844660194	0.281553398058	0.184466019417	0.233009708738	0.194174757282	0.233009708738	0.223300970874	0.223300970874	0.21359223301	0.223300970874	0.194174757282	0.252427184466	0.252427184466	0.223300970874	0.271844660194	0.291262135922	1.0	0.21359223301	0.223300970874	0.203883495146	0.242718446602	0.203883495146	0.252427184466	0.291262135922	0.271844660194	0.184466019417	0.271844660194	0.297872340426	
0.227941176471	0.213793103448	0.208333333333	0.203947368421	0.236842105263	0.243421052632	0.236842105263	0.230263157895	0.228187919463	0.197802197802	0.177966101695	0.214765100671	0.216216216216	0.21768707483	0.269736842105	0.263157894737	0.263157894737	0.238461538462	0.243421052632	1.0	0.233576642336	0.257142857143	0.177631578947	0.213793103448	0.235714285714	0.184210526316	0.212328767123	0.217105263158	0.288590604027	0.223300970874	1.0	1.0	0.269736842105	0.203947368421	0.24	0.23178807947	0.223880597015	0.164473684211	0.164473684211	0.223880597015	0.261904761905	0.216	0.213793103448	0.25	0.217105263158	0.236842105263	0.243421052632	0.25	0.256578947368	0.216783216783	0.256578947368	0.230263157895	0.190789473684	0.177631578947	0.230769230769	0.260563380282	0.251655629139	0.25	0.253333333333	0.255033557047	0.236842105263	0.230263157895	0.256756756757	0.243421052632	0.230263157895	0.2	0.549668874172	0.255474452555	0.171052631579	0.236842105263	0.253846153846	0.230263157895	0.217105263158	0.206666666667	0.210526315789	0.171052631579	0.297872340426	
0.235294117647	0.213793103448	0.208333333333	0.205298013245	0.225165562914	0.251655629139	0.225165562914	0.238410596026	0.228187919463	0.197802197802	0.169491525424	0.208053691275	0.209459459459	0.21768707483	0.264900662252	0.278145695364	0.263157894737	0.230769230769	0.245033112583	0.993377483444	0.240875912409	0.25	0.17880794702	0.2	0.235714285714	0.185430463576	0.198630136986	0.205298013245	0.275167785235	0.223300970874	1.0	1.0	0.271523178808	0.205298013245	0.233333333333	0.238410596026	0.223880597015	0.165562913907	0.165562913907	0.223880597015	0.261904761905	0.216	0.213793103448	0.245033112583	0.218543046358	0.245033112583	0.251655629139	0.251655629139	0.258278145695	0.216783216783	0.258278145695	0.23178807947	0.192052980132	0.17880794702	0.223776223776	0.253521126761	0.251655629139	0.251655629139	0.253333333333	0.255033557047	0.238410596026	0.238410596026	0.256756756757	0.245033112583	0.218543046358	0.221052631579	0.549668874172	0.255474452555	0.172185430464	0.225165562914	0.246153846154	0.238410596026	0.218543046358	0.226666666667	0.225165562914	0.172185430464	0.287234042553	
0.213235294118	0.179310344828	0.180555555556	0.210191082803	0.235668789809	0.229299363057	0.233766233766	0.237179487179	0.228187919463	0.263736263736	0.254237288136	0.228187919463	0.236486486486	0.238095238095	0.248407643312	0.248407643312	0.210526315789	0.253846153846	0.211538461538	0.271523178808	0.255474452555	0.235714285714	0.235668789809	0.2	0.185714285714	0.25	0.287671232877	0.210191082803	0.241610738255	0.252427184466	0.269736842105	0.271523178808	1.0	0.242038216561	0.266666666667	0.271523178808	0.186567164179	0.196078431373	0.194805194805	0.216417910448	0.190476190476	0.264	0.227586206897	0.197452229299	0.273885350318	0.196078431373	0.193548387097	0.203947368421	0.209150326797	0.174825174825	0.28025477707	0.286624203822	0.254777070064	0.261146496815	0.251748251748	0.253521126761	0.271523178808	0.269736842105	0.273333333333	0.275167785235	0.178343949045	0.184210526316	0.277027027027	0.210191082803	0.222929936306	0.252631578947	0.317880794702	0.270072992701	0.207792207792	0.229299363057	0.253846153846	0.235294117647	0.222929936306	0.3	0.288461538462	0.191082802548	0.287234042553	
0.227941176471	0.213793103448	0.208333333333	0.183544303797	0.203821656051	0.208860759494	0.207792207792	0.198717948718	0.241610738255	0.263736263736	0.245762711864	0.221476510067	0.209459459459	0.21768707483	0.235668789809	0.229299363057	0.233082706767	0.315384615385	0.166666666667	0.198675496689	0.270072992701	0.278571428571	0.248407643312	0.234482758621	0.285714285714	1.0	0.301369863014	0.240506329114	0.234899328859	0.26213592233	0.203947368421	0.205298013245	0.242038216561	1.0	0.266666666667	0.278145695364	0.223880597015	0.196078431373	0.194805194805	0.276119402985	0.253968253968	0.232	0.268965517241	0.240506329114	0.246835443038	0.228758169935	0.21935483871	0.243421052632	0.248366013072	0.251748251748	0.23417721519	0.248407643312	0.240506329114	0.235668789809	0.27972027972	0.281690140845	0.218543046358	0.230263157895	0.226666666667	0.228187919463	0.210191082803	0.210526315789	0.236486486486	0.284810126582	0.26582278481	0.252631578947	0.192052980132	0.240875912409	0.214285714286	0.20253164557	0.315384615385	0.202614379085	0.253164556962	0.246666666667	0.25	0.191082802548	0.234042553191	
0.286764705882	0.241379310345	0.243055555556	0.206666666667	0.193333333333	0.193333333333	0.193333333333	0.186666666667	0.208053691275	0.307692307692	0.245762711864	0.194630872483	0.195945945946	0.197278911565	0.22	0.22	0.248120300752	0.276923076923	0.213333333333	0.22	0.233576642336	0.214285714286	0.2	0.241379310345	0.228571428571	0.233333333333	0.198630136986	0.286666666667	0.241610738255	0.281553398058	0.24	0.233333333333	0.266666666667	0.266666666667	1.0	1.0	0.223880597015	0.2	0.2	0.253731343284	0.230158730159	0.216	0.241379310345	0.213333333333	0.253333333333	0.26	0.26	0.213333333333	0.213333333333	0.20979020979	0.246666666667	0.246666666667	0.233333333333	0.226666666667	0.223776223776	0.211267605634	0.22	0.186666666667	0.193333333333	0.187919463087	0.273333333333	0.266666666667	0.202702702703	0.246666666667	0.293333333333	0.294736842105	0.246666666667	0.270072992701	0.233333333333	0.193333333333	0.276923076923	0.186666666667	0.293333333333	0.24	0.246666666667	0.2	0.244680851064	
0.286764705882	0.241379310345	0.243055555556	0.205298013245	0.185430463576	0.198675496689	0.185430463576	0.192052980132	0.208053691275	0.307692307692	0.262711864407	0.194630872483	0.195945945946	0.197278911565	0.218543046358	0.211920529801	0.240601503759	0.261538461538	0.211920529801	0.211920529801	0.233576642336	0.214285714286	0.205298013245	0.241379310345	0.221428571429	0.245033112583	0.198630136986	0.291390728477	0.241610738255	0.31067961165	0.23178807947	0.238410596026	0.271523178808	0.278145695364	1.0	1.0	0.231343283582	0.205298013245	0.205298013245	0.253731343284	0.238095238095	0.224	0.234482758621	0.218543046358	0.251655629139	0.264900662252	0.264900662252	0.225165562914	0.225165562914	0.20979020979	0.251655629139	0.245033112583	0.23178807947	0.225165562914	0.223776223776	0.211267605634	0.218543046358	0.185430463576	0.2	0.194630872483	0.264900662252	0.264900662252	0.202702702703	0.23178807947	0.298013245033	0.315789473684	0.258278145695	0.270072992701	0.23178807947	0.185430463576	0.261538461538	0.192052980132	0.291390728477	0.24	0.245033112583	0.205298013245	0.244680851064	
