d.235	3
1.0	0.252873563218	0.270588235294	
0.252873563218	1.0	0.517647058824	
0.270588235294	0.517647058824	1.0	
Fold d.235 solved.

a.18	3
1.0	0.985401459854	0.992700729927	
0.985401459854	1.0	0.985401459854	
0.992700729927	0.985401459854	1.0	
Fold a.18 solved.

a.19	12
1.0	0.680327868852	0.680327868852	0.680327868852	0.680327868852	0.680327868852	0.680327868852	0.680327868852	0.680327868852	0.680327868852	0.680327868852	0.680327868852	
0.680327868852	1.0	1.0	1.0	1.0	1.0	1.0	1.0	1.0	1.0	1.0	1.0	
0.680327868852	1.0	1.0	1.0	1.0	1.0	1.0	1.0	1.0	1.0	1.0	1.0	
0.680327868852	1.0	1.0	1.0	1.0	0.992063492063	1.0	1.0	1.0	1.0	1.0	1.0	
0.680327868852	1.0	1.0	1.0	1.0	1.0	1.0	1.0	0.992366412214	1.0	1.0	0.992366412214	
0.680327868852	1.0	1.0	0.992063492063	1.0	1.0	1.0	1.0	0.992063492063	0.992063492063	0.992063492063	0.992063492063	
0.680327868852	1.0	1.0	1.0	1.0	1.0	1.0	1.0	0.9921875	1.0	0.9921875	0.9921875	
0.680327868852	1.0	1.0	1.0	1.0	1.0	1.0	1.0	0.992248062016	1.0	0.992248062016	0.992248062016	
0.680327868852	1.0	1.0	1.0	0.992366412214	0.992063492063	0.9921875	0.992248062016	1.0	1.0	1.0	1.0	
0.680327868852	1.0	1.0	1.0	1.0	0.992063492063	1.0	1.0	1.0	1.0	1.0	1.0	
0.680327868852	1.0	1.0	1.0	1.0	0.992063492063	0.9921875	0.992248062016	1.0	1.0	1.0	1.0	
0.680327868852	1.0	1.0	1.0	0.992366412214	0.992063492063	0.9921875	0.992248062016	1.0	1.0	1.0	1.0	
Fold a.19 solved.

d.145	15
1.0	1.0	0.433734939759	0.439024390244	0.24358974359	0.252873563218	0.436781609195	0.261904761905	0.261904761905	0.238095238095	0.231707317073	0.246913580247	0.246913580247	0.441860465116	0.298850574713	
1.0	1.0	0.433734939759	0.439024390244	0.24358974359	0.258823529412	0.447058823529	0.261904761905	0.285714285714	0.238095238095	0.256097560976	0.222222222222	0.246913580247	0.447058823529	0.258823529412	
0.433734939759	0.433734939759	1.0	1.0	0.217948717949	0.301204819277	0.421686746988	0.21686746988	0.180722891566	0.21686746988	0.19512195122	0.222222222222	0.222222222222	0.421686746988	0.265060240964	
0.439024390244	0.439024390244	1.0	1.0	0.217948717949	0.329268292683	0.426829268293	0.219512195122	0.170731707317	0.219512195122	0.19512195122	0.222222222222	0.222222222222	0.426829268293	0.256097560976	
0.24358974359	0.24358974359	0.217948717949	0.217948717949	1.0	0.24358974359	0.24358974359	0.269230769231	0.24358974359	0.230769230769	0.230769230769	0.230769230769	0.166666666667	0.24358974359	0.294871794872	
0.252873563218	0.258823529412	0.301204819277	0.329268292683	0.24358974359	1.0	0.298850574713	0.190476190476	0.238095238095	0.214285714286	0.207317073171	0.20987654321	0.271604938272	0.302325581395	0.264367816092	
0.436781609195	0.447058823529	0.421686746988	0.426829268293	0.24358974359	0.298850574713	1.0	0.261904761905	0.345238095238	0.202380952381	0.207317073171	0.20987654321	0.246913580247	1.0	0.241379310345	
0.261904761905	0.261904761905	0.21686746988	0.219512195122	0.269230769231	0.190476190476	0.261904761905	1.0	0.392857142857	0.25	0.280487804878	0.271604938272	0.20987654321	0.285714285714	0.202380952381	
0.261904761905	0.285714285714	0.180722891566	0.170731707317	0.24358974359	0.238095238095	0.345238095238	0.392857142857	1.0	0.27380952381	0.268292682927	0.234567901235	0.20987654321	0.309523809524	0.214285714286	
0.238095238095	0.238095238095	0.21686746988	0.219512195122	0.230769230769	0.214285714286	0.202380952381	0.25	0.27380952381	1.0	1.0	1.0	0.432098765432	0.202380952381	0.22619047619	
0.231707317073	0.256097560976	0.19512195122	0.19512195122	0.230769230769	0.207317073171	0.207317073171	0.280487804878	0.268292682927	1.0	1.0	1.0	0.41975308642	0.207317073171	0.231707317073	
0.246913580247	0.222222222222	0.222222222222	0.222222222222	0.230769230769	0.20987654321	0.20987654321	0.271604938272	0.234567901235	1.0	1.0	1.0	0.41975308642	0.20987654321	0.222222222222	
0.246913580247	0.246913580247	0.222222222222	0.222222222222	0.166666666667	0.271604938272	0.246913580247	0.20987654321	0.20987654321	0.432098765432	0.41975308642	0.41975308642	1.0	0.234567901235	0.246913580247	
0.441860465116	0.447058823529	0.421686746988	0.426829268293	0.24358974359	0.302325581395	1.0	0.285714285714	0.309523809524	0.202380952381	0.207317073171	0.20987654321	0.234567901235	1.0	0.232558139535	
0.298850574713	0.258823529412	0.265060240964	0.256097560976	0.294871794872	0.264367816092	0.241379310345	0.202380952381	0.214285714286	0.22619047619	0.231707317073	0.222222222222	0.246913580247	0.232558139535	1.0	
Fold d.145 solved.

d.140	7
1.0	0.5	0.333333333333	0.338582677165	0.607692307692	0.607692307692	0.5	
0.5	1.0	0.325396825397	0.325396825397	0.52380952381	0.52380952381	0.992063492063	
0.333333333333	0.325396825397	1.0	1.0	0.333333333333	0.341085271318	0.325396825397	
0.338582677165	0.325396825397	1.0	1.0	0.338582677165	0.346456692913	0.325396825397	
0.607692307692	0.52380952381	0.333333333333	0.338582677165	1.0	1.0	0.52380952381	
0.607692307692	0.52380952381	0.341085271318	0.346456692913	1.0	1.0	0.52380952381	
0.5	0.992063492063	0.325396825397	0.325396825397	0.52380952381	0.52380952381	1.0	
Fold d.140 solved.

d.141	9
1.0	0.52	0.4	0.266666666667	0.346666666667	0.549295774648	0.24	0.226666666667	0.213333333333	
0.52	1.0	0.358974358974	0.269230769231	0.307692307692	0.591549295775	0.230769230769	0.294871794872	0.230769230769	
0.4	0.358974358974	1.0	0.222222222222	0.283950617284	0.253521126761	0.246913580247	0.234567901235	0.234567901235	
0.266666666667	0.269230769231	0.222222222222	1.0	0.172413793103	0.295774647887	0.279569892473	0.247191011236	0.247191011236	
0.346666666667	0.307692307692	0.283950617284	0.172413793103	1.0	0.281690140845	0.252873563218	0.241379310345	0.172413793103	
0.549295774648	0.591549295775	0.253521126761	0.295774647887	0.281690140845	1.0	0.253521126761	0.352112676056	0.267605633803	
0.24	0.230769230769	0.246913580247	0.279569892473	0.252873563218	0.253521126761	1.0	0.550561797753	0.483146067416	
0.226666666667	0.294871794872	0.234567901235	0.247191011236	0.241379310345	0.352112676056	0.550561797753	1.0	0.561797752809	
0.213333333333	0.230769230769	0.234567901235	0.247191011236	0.172413793103	0.267605633803	0.483146067416	0.561797752809	1.0	
Fold d.141 solved.

c.5	11
1.0	1.0	1.0	1.0	1.0	0.340909090909	0.215053763441	0.29347826087	0.568181818182	0.629213483146	0.645161290323	
1.0	1.0	1.0	1.0	1.0	0.340909090909	0.204301075269	0.29347826087	0.568181818182	0.629213483146	0.645161290323	
1.0	1.0	1.0	1.0	1.0	0.363636363636	0.215053763441	0.326086956522	0.568181818182	0.629213483146	0.645161290323	
1.0	1.0	1.0	1.0	1.0	0.340909090909	0.213483146067	0.303370786517	0.568181818182	0.629213483146	0.629213483146	
1.0	1.0	1.0	1.0	1.0	0.340909090909	0.215909090909	0.306818181818	0.568181818182	0.625	0.625	
0.340909090909	0.340909090909	0.363636363636	0.340909090909	0.340909090909	1.0	0.261363636364	0.295454545455	0.363636363636	0.386363636364	0.386363636364	
0.215053763441	0.204301075269	0.215053763441	0.213483146067	0.215909090909	0.261363636364	1.0	0.282608695652	0.261363636364	0.224719101124	0.215053763441	
0.29347826087	0.29347826087	0.326086956522	0.303370786517	0.306818181818	0.295454545455	0.282608695652	1.0	0.340909090909	0.337078651685	0.326086956522	
0.568181818182	0.568181818182	0.568181818182	0.568181818182	0.568181818182	0.363636363636	0.261363636364	0.340909090909	1.0	0.590909090909	0.590909090909	
0.629213483146	0.629213483146	0.629213483146	0.629213483146	0.625	0.386363636364	0.224719101124	0.337078651685	0.590909090909	1.0	1.0	
0.645161290323	0.645161290323	0.645161290323	0.629213483146	0.625	0.386363636364	0.215053763441	0.326086956522	0.590909090909	1.0	1.0	
Fold c.5 solved.

c.2	143
1.0	0.301369863014	0.294520547945	0.303448275862	0.280821917808	0.280821917808	0.315068493151	0.291666666667	0.287671232877	0.287671232877	0.28275862069	0.287671232877	0.328767123288	0.294520547945	0.294520547945	0.287671232877	0.308219178082	0.301369863014	0.239726027397	0.246575342466	0.225352112676	0.316901408451	0.300699300699	0.270833333333	0.270833333333	0.205479452055	0.205479452055	0.22602739726	0.296551724138	0.274647887324	0.234482758621	0.294520547945	0.301369863014	0.22602739726	0.27397260274	0.212328767123	0.260273972603	0.232876712329	0.205479452055	0.212328767123	0.224137931034	0.212765957447	0.204225352113	0.253731343284	0.25	0.225	0.223140495868	0.223140495868	0.217054263566	0.239669421488	0.198581560284	0.214285714286	0.214285714286	0.214814814815	0.231343283582	0.318181818182	0.217054263566	0.215384615385	0.19696969697	0.219178082192	0.219178082192	0.217054263566	0.208955223881	0.19696969697	0.217054263566	0.221238938053	0.246268656716	0.251968503937	0.253846153846	0.255813953488	0.328767123288	0.290780141844	0.289655172414	0.335664335664	0.239726027397	0.27397260274	0.298611111111	0.220689655172	0.316901408451	0.351724137931	0.349315068493	0.248275862069	0.287671232877	0.28275862069	0.198630136986	0.205479452055	0.198630136986	0.198630136986	0.198630136986	0.198630136986	0.212328767123	0.315068493151	0.335766423358	0.189781021898	0.22602739726	0.22602739726	0.319444444444	0.212328767123	0.205479452055	0.239726027397	0.308219178082	0.308219178082	0.301369863014	0.301369863014	0.27397260274	0.22602739726	0.22602739726	0.302816901408	0.268965517241	0.268965517241	0.274809160305	0.276923076923	0.184931506849	0.248175182482	0.326241134752	0.312056737589	0.260273972603	0.239726027397	0.246575342466	0.267123287671	0.219178082192	0.241379310345	0.215384615385	0.294520547945	0.21897810219	0.301369863014	0.288732394366	0.295774647887	0.301369863014	0.301369863014	0.212765957447	0.289655172414	0.328767123288	0.294520547945	0.215384615385	0.22602739726	0.260273972603	0.338028169014	0.21875	0.215384615385	0.280821917808	0.328571428571	0.302816901408	
0.301369863014	1.0	0.301369863014	0.303448275862	0.779874213836	0.924528301887	0.77358490566	0.416666666667	0.418918918919	0.421768707483	0.420689655172	0.424657534247	0.41095890411	0.324324324324	0.342281879195	0.622641509434	0.786163522013	0.77358490566	0.298701298701	0.262820512821	0.422535211268	0.443661971831	0.363636363636	0.3125	0.256944444444	0.24025974026	0.264516129032	0.272727272727	0.275862068966	0.316901408451	0.248275862069	0.317567567568	0.778481012658	0.222222222222	0.217105263158	0.223684210526	0.236842105263	0.232704402516	0.194968553459	0.207547169811	0.206896551724	0.163120567376	0.183098591549	0.201492537313	0.205882352941	0.225	0.247933884298	0.214876033058	0.248062015504	0.239669421488	0.205673758865	0.207142857143	0.207142857143	0.22962962963	0.216417910448	0.234848484848	0.201550387597	0.207692307692	0.212121212121	0.274509803922	0.276315789474	0.201550387597	0.208955223881	0.212121212121	0.201550387597	0.203539823009	0.246268656716	0.275590551181	0.276923076923	0.279069767442	0.428571428571	0.432624113475	0.406896551724	0.328671328671	0.253246753247	0.823899371069	0.361111111111	0.28275862069	0.295774647887	0.379310344828	0.374149659864	0.262068965517	0.208860759494	0.344827586207	0.194968553459	0.189873417722	0.194968553459	0.176100628931	0.188679245283	0.213836477987	0.251572327044	0.425675675676	0.445255474453	0.226277372263	0.264516129032	0.266233766234	0.291666666667	0.233766233766	0.228758169935	0.201257861635	0.772151898734	0.767295597484	0.769230769231	0.767741935484	0.328859060403	0.206451612903	0.210526315789	0.330985915493	0.393103448276	0.4	0.213740458015	0.238461538462	0.220125786164	0.204379562044	0.390070921986	0.390070921986	0.271523178808	0.235294117647	0.235294117647	0.245033112583	0.256578947368	0.303448275862	0.230769230769	0.302013422819	0.226277372263	0.301369863014	0.422535211268	0.366197183099	0.30612244898	0.326666666667	0.205673758865	0.427586206897	0.385135135135	0.428571428571	0.207692307692	0.193333333333	0.269736842105	0.408450704225	0.2421875	0.207692307692	0.207547169811	0.428571428571	0.43661971831	
0.294520547945	0.301369863014	1.0	0.993103448276	0.301369863014	0.294520547945	0.315068493151	0.284722222222	0.287671232877	0.280821917808	0.28275862069	0.280821917808	0.27397260274	0.472602739726	0.479452054795	0.335616438356	0.301369863014	0.308219178082	0.445205479452	0.27397260274	0.323943661972	0.457746478873	0.398601398601	0.298611111111	0.3125	0.267123287671	0.294520547945	0.308219178082	0.310344827586	0.302816901408	0.296551724138	0.472602739726	0.308219178082	0.212328767123	0.219178082192	0.198630136986	0.239726027397	0.22602739726	0.219178082192	0.219178082192	0.258620689655	0.198581560284	0.239436619718	0.208955223881	0.205882352941	0.216666666667	0.264462809917	0.247933884298	0.22480620155	0.223140495868	0.219858156028	0.221428571429	0.235714285714	0.251851851852	0.253731343284	0.234848484848	0.209302325581	0.207692307692	0.204545454545	0.246575342466	0.246575342466	0.209302325581	0.201492537313	0.204545454545	0.209302325581	0.238938053097	0.231343283582	0.228346456693	0.223076923077	0.22480620155	0.41095890411	0.340425531915	0.275862068966	0.566433566434	0.301369863014	0.308219178082	0.395833333333	0.296551724138	0.591549295775	0.268965517241	0.27397260274	0.358620689655	0.260273972603	0.531034482759	0.205479452055	0.212328767123	0.205479452055	0.205479452055	0.205479452055	0.198630136986	0.212328767123	0.232876712329	0.240875912409	0.284671532847	0.246575342466	0.239726027397	0.541666666667	0.27397260274	0.27397260274	0.219178082192	0.308219178082	0.308219178082	0.308219178082	0.308219178082	0.369863013699	0.246575342466	0.232876712329	0.422535211268	0.255172413793	0.255172413793	0.18320610687	0.184615384615	0.205479452055	0.270072992701	0.347517730496	0.347517730496	0.534246575342	0.246575342466	0.246575342466	0.239726027397	0.301369863014	0.365517241379	0.223076923077	0.452054794521	0.248175182482	0.993150684932	0.330985915493	0.394366197183	0.465753424658	0.472602739726	0.234042553191	0.296551724138	0.315068493151	0.287671232877	0.207692307692	0.198630136986	0.527397260274	0.330985915493	0.2265625	0.207692307692	0.27397260274	0.392857142857	0.422535211268	
0.303448275862	0.303448275862	0.993103448276	1.0	0.303448275862	0.296551724138	0.31724137931	0.284722222222	0.28275862069	0.289655172414	0.28275862069	0.28275862069	0.268965517241	0.48275862069	0.489655172414	0.337931034483	0.303448275862	0.310344827586	0.462068965517	0.268965517241	0.316901408451	0.457746478873	0.398601398601	0.298611111111	0.3125	0.275862068966	0.28275862069	0.296551724138	0.31724137931	0.302816901408	0.296551724138	0.48275862069	0.310344827586	0.186206896552	0.234482758621	0.193103448276	0.234482758621	0.234482758621	0.227586206897	0.227586206897	0.258620689655	0.198581560284	0.204225352113	0.201492537313	0.198529411765	0.216666666667	0.247933884298	0.231404958678	0.22480620155	0.206611570248	0.212765957447	0.214285714286	0.228571428571	0.251851851852	0.253731343284	0.234848484848	0.209302325581	0.207692307692	0.204545454545	0.234482758621	0.227586206897	0.209302325581	0.201492537313	0.204545454545	0.209302325581	0.230088495575	0.216417910448	0.212598425197	0.207692307692	0.209302325581	0.406896551724	0.333333333333	0.275862068966	0.573426573427	0.289655172414	0.310344827586	0.395833333333	0.296551724138	0.591549295775	0.268965517241	0.268965517241	0.344827586207	0.262068965517	0.531034482759	0.186206896552	0.193103448276	0.186206896552	0.186206896552	0.186206896552	0.186206896552	0.186206896552	0.227586206897	0.240875912409	0.270072992701	0.241379310345	0.241379310345	0.541666666667	0.268965517241	0.268965517241	0.220689655172	0.310344827586	0.310344827586	0.310344827586	0.310344827586	0.372413793103	0.227586206897	0.227586206897	0.422535211268	0.255172413793	0.255172413793	0.190839694656	0.192307692308	0.206896551724	0.284671532847	0.340425531915	0.340425531915	0.537931034483	0.248275862069	0.248275862069	0.241379310345	0.296551724138	0.351724137931	0.223076923077	0.462068965517	0.248175182482	1.0	0.330985915493	0.401408450704	0.475862068966	0.48275862069	0.22695035461	0.28275862069	0.310344827586	0.28275862069	0.207692307692	0.193103448276	0.537931034483	0.330985915493	0.2265625	0.207692307692	0.255172413793	0.385714285714	0.422535211268	
0.280821917808	0.779874213836	0.301369863014	0.303448275862	1.0	0.7875	0.811320754717	0.4375	0.439189189189	0.448979591837	0.448275862069	0.452054794521	0.445205479452	0.351351351351	0.369127516779	0.647798742138	0.823899371069	0.823899371069	0.318181818182	0.25641025641	0.43661971831	0.429577464789	0.328671328671	0.361111111111	0.3125	0.25974025974	0.225806451613	0.220779220779	0.28275862069	0.366197183099	0.296551724138	0.344594594595	0.829113924051	0.248366013072	0.203947368421	0.203947368421	0.25	0.232704402516	0.2125	0.213836477987	0.26724137931	0.205673758865	0.204225352113	0.223880597015	0.227941176471	0.233333333333	0.280991735537	0.198347107438	0.248062015504	0.214876033058	0.234042553191	0.235714285714	0.25	0.266666666667	0.268656716418	0.242424242424	0.255813953488	0.192307692308	0.234848484848	0.261437908497	0.263157894737	0.193798449612	0.194029850746	0.234848484848	0.255813953488	0.238938053097	0.223880597015	0.220472440945	0.223076923077	0.22480620155	0.428571428571	0.432624113475	0.4	0.314685314685	0.272727272727	0.76875	0.326388888889	0.268965517241	0.302816901408	0.379310344828	0.367346938776	0.296551724138	0.221518987342	0.310344827586	0.220125786164	0.215189873418	0.220125786164	0.194968553459	0.220125786164	0.220125786164	0.220125786164	0.391891891892	0.416058394161	0.197080291971	0.283870967742	0.272727272727	0.305555555556	0.227272727273	0.222222222222	0.18125	0.810126582278	0.805031446541	0.807692307692	0.806451612903	0.322147651007	0.206451612903	0.210526315789	0.359154929577	0.413793103448	0.420689655172	0.213740458015	0.230769230769	0.20625	0.175182481752	0.375886524823	0.375886524823	0.291390728477	0.235294117647	0.235294117647	0.23178807947	0.236842105263	0.275862068966	0.230769230769	0.322147651007	0.262773722628	0.301369863014	0.422535211268	0.330985915493	0.326530612245	0.353333333333	0.248226950355	0.448275862069	0.378378378378	0.442176870748	0.230769230769	0.22	0.289473684211	0.408450704225	0.234375	0.230769230769	0.22641509434	0.435714285714	0.415492957746	
0.280821917808	0.924528301887	0.294520547945	0.296551724138	0.7875	1.0	0.792452830189	0.416666666667	0.405405405405	0.421768707483	0.420689655172	0.424657534247	0.431506849315	0.324324324324	0.342281879195	0.647798742138	0.798742138365	0.798742138365	0.311688311688	0.25	0.429577464789	0.450704225352	0.363636363636	0.326388888889	0.263888888889	0.253246753247	0.277419354839	0.279220779221	0.28275862069	0.330985915493	0.255172413793	0.317567567568	0.803797468354	0.209150326797	0.203947368421	0.210526315789	0.230263157895	0.220125786164	0.2375	0.238993710692	0.241379310345	0.212765957447	0.19014084507	0.216417910448	0.220588235294	0.233333333333	0.239669421488	0.239669421488	0.209302325581	0.190082644628	0.22695035461	0.228571428571	0.214285714286	0.214814814815	0.201492537313	0.227272727273	0.217054263566	0.215384615385	0.219696969697	0.228758169935	0.230263157895	0.217054263566	0.216417910448	0.227272727273	0.22480620155	0.212389380531	0.268656716418	0.267716535433	0.269230769231	0.271317829457	0.428571428571	0.439716312057	0.413793103448	0.34965034965	0.253246753247	0.80625	0.361111111111	0.275862068966	0.302816901408	0.386206896552	0.380952380952	0.289655172414	0.208860759494	0.351724137931	0.232704402516	0.227848101266	0.194968553459	0.194968553459	0.194968553459	0.194968553459	0.220125786164	0.439189189189	0.452554744526	0.226277372263	0.270967741935	0.272727272727	0.333333333333	0.233766233766	0.228758169935	0.175	0.79746835443	0.792452830189	0.794871794872	0.793548387097	0.328859060403	0.21935483871	0.217105263158	0.345070422535	0.413793103448	0.420689655172	0.18320610687	0.215384615385	0.225	0.211678832117	0.382978723404	0.382978723404	0.304635761589	0.241830065359	0.241830065359	0.238410596026	0.230263157895	0.275862068966	0.207692307692	0.302013422819	0.211678832117	0.294520547945	0.429577464789	0.366197183099	0.30612244898	0.326666666667	0.212765957447	0.448275862069	0.385135135135	0.448979591837	0.215384615385	0.166666666667	0.302631578947	0.415492957746	0.2109375	0.223076923077	0.207547169811	0.442857142857	0.43661971831	
0.315068493151	0.77358490566	0.315068493151	0.31724137931	0.811320754717	0.792452830189	1.0	0.444444444444	0.439189189189	0.442176870748	0.441379310345	0.445205479452	0.452054794521	0.331081081081	0.348993288591	0.704402515723	0.930817610063	0.949685534591	0.292207792208	0.288461538462	0.415492957746	0.443661971831	0.363636363636	0.333333333333	0.284722222222	0.253246753247	0.251612903226	0.246753246753	0.310344827586	0.338028169014	0.262068965517	0.324324324324	0.955696202532	0.209150326797	0.243421052632	0.217105263158	0.223684210526	0.207547169811	0.232704402516	0.232704402516	0.241379310345	0.22695035461	0.232394366197	0.208955223881	0.227941176471	0.241666666667	0.231404958678	0.214876033058	0.178294573643	0.231404958678	0.219858156028	0.221428571429	0.242857142857	0.244444444444	0.246268656716	0.265151515152	0.186046511628	0.184615384615	0.212121212121	0.267973856209	0.269736842105	0.186046511628	0.186567164179	0.212121212121	0.209302325581	0.256637168142	0.291044776119	0.291338582677	0.292307692308	0.294573643411	0.408163265306	0.439716312057	0.413793103448	0.300699300699	0.285714285714	0.792452830189	0.361111111111	0.275862068966	0.345070422535	0.372413793103	0.360544217687	0.310344827586	0.215189873418	0.331034482759	0.232704402516	0.227848101266	0.232704402516	0.232704402516	0.232704402516	0.232704402516	0.232704402516	0.432432432432	0.459854014599	0.248175182482	0.270967741935	0.272727272727	0.277777777778	0.233766233766	0.235294117647	0.207547169811	0.962025316456	0.955974842767	0.961538461538	0.961290322581	0.302013422819	0.2	0.197368421053	0.366197183099	0.406896551724	0.413793103448	0.198473282443	0.207692307692	0.232704402516	0.233576642336	0.347517730496	0.347517730496	0.304635761589	0.261437908497	0.261437908497	0.251655629139	0.236842105263	0.296551724138	0.176923076923	0.308724832215	0.240875912409	0.315068493151	0.43661971831	0.366197183099	0.299319727891	0.333333333333	0.241134751773	0.448275862069	0.385135135135	0.448979591837	0.184615384615	0.213333333333	0.309210526316	0.394366197183	0.1875	0.207692307692	0.201257861635	0.428571428571	0.415492957746	
0.291666666667	0.416666666667	0.284722222222	0.284722222222	0.4375	0.416666666667	0.444444444444	1.0	1.0	1.0	0.986111111111	1.0	0.8125	0.319444444444	0.319444444444	0.416666666667	0.479166666667	0.451388888889	0.298611111111	0.236111111111	0.422535211268	0.37323943662	0.335664335664	0.347222222222	0.270833333333	0.270833333333	0.270833333333	0.284722222222	0.319444444444	0.345070422535	0.284722222222	0.333333333333	0.451388888889	0.180555555556	0.229166666667	0.222222222222	0.256944444444	0.222222222222	0.222222222222	0.222222222222	0.23275862069	0.212765957447	0.204225352113	0.216417910448	0.183823529412	0.225	0.264462809917	0.239669421488	0.255813953488	0.239669421488	0.234042553191	0.242857142857	0.171428571429	0.22962962963	0.231343283582	0.287878787879	0.15503875969	0.161538461538	0.151515151515	0.263888888889	0.263888888889	0.15503875969	0.164179104478	0.151515151515	0.15503875969	0.247787610619	0.291044776119	0.267716535433	0.292307692308	0.294573643411	0.409722222222	0.581560283688	0.597222222222	0.335664335664	0.270833333333	0.444444444444	0.326388888889	0.25	0.316901408451	0.506944444444	0.506944444444	0.319444444444	0.222222222222	0.305555555556	0.243055555556	0.243055555556	0.243055555556	0.243055555556	0.243055555556	0.25	0.222222222222	0.347222222222	0.357664233577	0.197080291971	0.319444444444	0.298611111111	0.354166666667	0.243055555556	0.222222222222	0.236111111111	0.451388888889	0.451388888889	0.451388888889	0.451388888889	0.333333333333	0.222222222222	0.222222222222	0.345070422535	0.618055555556	0.618055555556	0.24427480916	0.246153846154	0.208333333333	0.240875912409	0.41134751773	0.41134751773	0.284722222222	0.305555555556	0.305555555556	0.3125	0.25	0.305555555556	0.261538461538	0.340277777778	0.233576642336	0.284722222222	0.570422535211	0.338028169014	0.326388888889	0.326388888889	0.177304964539	0.625	0.555555555556	0.625	0.161538461538	0.243055555556	0.284722222222	0.464788732394	0.265625	0.161538461538	0.25	0.428571428571	0.359154929577	
0.287671232877	0.418918918919	0.287671232877	0.28275862069	0.439189189189	0.405405405405	0.439189189189	1.0	1.0	1.0	0.986206896552	1.0	0.808219178082	0.310810810811	0.310810810811	0.425675675676	0.472972972973	0.432432432432	0.290540540541	0.22972972973	0.422535211268	0.37323943662	0.335664335664	0.347222222222	0.270833333333	0.277027027027	0.263513513514	0.277027027027	0.31724137931	0.345070422535	0.28275862069	0.317567567568	0.439189189189	0.175675675676	0.22972972973	0.216216216216	0.25	0.222972972973	0.222972972973	0.222972972973	0.23275862069	0.22695035461	0.225352112676	0.216417910448	0.183823529412	0.225	0.280991735537	0.247933884298	0.286821705426	0.247933884298	0.234042553191	0.185714285714	0.185714285714	0.222222222222	0.223880597015	0.287878787879	0.15503875969	0.161538461538	0.166666666667	0.256756756757	0.256756756757	0.15503875969	0.15671641791	0.166666666667	0.15503875969	0.247787610619	0.298507462687	0.275590551181	0.3	0.302325581395	0.414965986395	0.574468085106	0.593103448276	0.335664335664	0.263513513514	0.445945945946	0.326388888889	0.255172413793	0.316901408451	0.503448275862	0.496598639456	0.31724137931	0.216216216216	0.303448275862	0.243243243243	0.243243243243	0.243243243243	0.243243243243	0.243243243243	0.25	0.222972972973	0.344594594595	0.357664233577	0.189781021898	0.310810810811	0.317567567568	0.354166666667	0.236486486486	0.243243243243	0.22972972973	0.445945945946	0.445945945946	0.445945945946	0.445945945946	0.324324324324	0.216216216216	0.216216216216	0.345070422535	0.613793103448	0.613793103448	0.251908396947	0.253846153846	0.202702702703	0.226277372263	0.41134751773	0.41134751773	0.277027027027	0.304054054054	0.304054054054	0.297297297297	0.243243243243	0.303448275862	0.284615384615	0.331081081081	0.233576642336	0.287671232877	0.577464788732	0.338028169014	0.312925170068	0.317567567568	0.191489361702	0.620689655172	0.540540540541	0.612244897959	0.161538461538	0.236486486486	0.277027027027	0.464788732394	0.265625	0.161538461538	0.243243243243	0.428571428571	0.359154929577	
0.287671232877	0.421768707483	0.280821917808	0.289655172414	0.448979591837	0.421768707483	0.442176870748	1.0	1.0	1.0	0.986206896552	1.0	0.801369863014	0.312925170068	0.312925170068	0.421768707483	0.47619047619	0.442176870748	0.292517006803	0.231292517007	0.422535211268	0.37323943662	0.335664335664	0.347222222222	0.270833333333	0.272108843537	0.265306122449	0.278911564626	0.31724137931	0.345070422535	0.28275862069	0.319727891156	0.43537414966	0.176870748299	0.231292517007	0.21768707483	0.251700680272	0.21768707483	0.224489795918	0.224489795918	0.23275862069	0.22695035461	0.225352112676	0.216417910448	0.183823529412	0.233333333333	0.280991735537	0.247933884298	0.271317829457	0.239669421488	0.234042553191	0.185714285714	0.185714285714	0.222222222222	0.223880597015	0.287878787879	0.15503875969	0.153846153846	0.166666666667	0.258503401361	0.258503401361	0.15503875969	0.164179104478	0.166666666667	0.15503875969	0.247787610619	0.298507462687	0.275590551181	0.3	0.302325581395	0.414965986395	0.581560283688	0.593103448276	0.335664335664	0.265306122449	0.442176870748	0.326388888889	0.248275862069	0.316901408451	0.503448275862	0.496598639456	0.31724137931	0.21768707483	0.310344827586	0.238095238095	0.238095238095	0.238095238095	0.238095238095	0.238095238095	0.244897959184	0.21768707483	0.340136054422	0.357664233577	0.197080291971	0.312925170068	0.312925170068	0.354166666667	0.238095238095	0.238095238095	0.224489795918	0.448979591837	0.442176870748	0.442176870748	0.448979591837	0.326530612245	0.21768707483	0.224489795918	0.345070422535	0.613793103448	0.613793103448	0.24427480916	0.246153846154	0.224489795918	0.240875912409	0.41134751773	0.41134751773	0.278911564626	0.30612244898	0.30612244898	0.299319727891	0.244897959184	0.303448275862	0.269230769231	0.333333333333	0.233576642336	0.280821917808	0.570422535211	0.338028169014	0.312925170068	0.319727891156	0.191489361702	0.620689655172	0.544217687075	0.612244897959	0.153846153846	0.238095238095	0.285714285714	0.464788732394	0.28125	0.153846153846	0.244897959184	0.428571428571	0.359154929577	
0.28275862069	0.420689655172	0.28275862069	0.28275862069	0.448275862069	0.420689655172	0.441379310345	0.986111111111	0.986206896552	0.986206896552	1.0	0.986206896552	0.793103448276	0.337931034483	0.331034482759	0.427586206897	0.475862068966	0.441379310345	0.303448275862	0.227586206897	0.422535211268	0.37323943662	0.335664335664	0.347222222222	0.270833333333	0.255172413793	0.255172413793	0.248275862069	0.310344827586	0.345070422535	0.289655172414	0.337931034483	0.441379310345	0.172413793103	0.220689655172	0.227586206897	0.255172413793	0.234482758621	0.227586206897	0.227586206897	0.23275862069	0.205673758865	0.197183098592	0.208955223881	0.176470588235	0.233333333333	0.280991735537	0.214876033058	0.271317829457	0.256198347107	0.177304964539	0.178571428571	0.178571428571	0.222222222222	0.223880597015	0.265151515152	0.15503875969	0.153846153846	0.166666666667	0.220689655172	0.220689655172	0.15503875969	0.171641791045	0.166666666667	0.15503875969	0.256637168142	0.283582089552	0.259842519685	0.284615384615	0.286821705426	0.406896551724	0.574468085106	0.593103448276	0.335664335664	0.262068965517	0.441379310345	0.326388888889	0.262068965517	0.316901408451	0.496551724138	0.496551724138	0.324137931034	0.220689655172	0.303448275862	0.248275862069	0.248275862069	0.248275862069	0.248275862069	0.248275862069	0.262068965517	0.234482758621	0.344827586207	0.350364963504	0.197080291971	0.303448275862	0.303448275862	0.354166666667	0.213793103448	0.234482758621	0.234482758621	0.448275862069	0.448275862069	0.448275862069	0.455172413793	0.331034482759	0.213793103448	0.213793103448	0.345070422535	0.620689655172	0.620689655172	0.251908396947	0.253846153846	0.206896551724	0.21897810219	0.41134751773	0.41134751773	0.296551724138	0.268965517241	0.268965517241	0.275862068966	0.262068965517	0.310344827586	0.269230769231	0.351724137931	0.233576642336	0.28275862069	0.577464788732	0.345070422535	0.331034482759	0.337931034483	0.184397163121	0.627586206897	0.558620689655	0.627586206897	0.153846153846	0.227586206897	0.289655172414	0.464788732394	0.2734375	0.153846153846	0.248275862069	0.428571428571	0.359154929577	
0.287671232877	0.424657534247	0.280821917808	0.28275862069	0.452054794521	0.424657534247	0.445205479452	1.0	1.0	1.0	0.986206896552	1.0	0.801369863014	0.315068493151	0.321917808219	0.417808219178	0.479452054795	0.438356164384	0.294520547945	0.232876712329	0.422535211268	0.37323943662	0.342657342657	0.354166666667	0.270833333333	0.260273972603	0.246575342466	0.260273972603	0.31724137931	0.352112676056	0.28275862069	0.321917808219	0.445205479452	0.178082191781	0.232876712329	0.219178082192	0.253424657534	0.219178082192	0.219178082192	0.219178082192	0.23275862069	0.22695035461	0.225352112676	0.216417910448	0.183823529412	0.225	0.280991735537	0.223140495868	0.271317829457	0.239669421488	0.234042553191	0.185714285714	0.185714285714	0.222222222222	0.223880597015	0.287878787879	0.15503875969	0.153846153846	0.159090909091	0.260273972603	0.260273972603	0.15503875969	0.149253731343	0.159090909091	0.15503875969	0.247787610619	0.298507462687	0.275590551181	0.3	0.302325581395	0.404109589041	0.574468085106	0.593103448276	0.335664335664	0.267123287671	0.438356164384	0.333333333333	0.255172413793	0.323943661972	0.503448275862	0.5	0.31724137931	0.219178082192	0.303448275862	0.239726027397	0.239726027397	0.239726027397	0.239726027397	0.239726027397	0.246575342466	0.219178082192	0.342465753425	0.357664233577	0.189781021898	0.315068493151	0.315068493151	0.354166666667	0.239726027397	0.239726027397	0.22602739726	0.445205479452	0.445205479452	0.452054794521	0.445205479452	0.328767123288	0.219178082192	0.219178082192	0.345070422535	0.613793103448	0.613793103448	0.24427480916	0.246153846154	0.212328767123	0.226277372263	0.41134751773	0.41134751773	0.287671232877	0.308219178082	0.308219178082	0.301369863014	0.246575342466	0.303448275862	0.269230769231	0.342465753425	0.233576642336	0.280821917808	0.577464788732	0.338028169014	0.315068493151	0.328767123288	0.191489361702	0.620689655172	0.547945205479	0.616438356164	0.153846153846	0.246575342466	0.287671232877	0.464788732394	0.2734375	0.153846153846	0.246575342466	0.428571428571	0.359154929577	
0.328767123288	0.41095890411	0.27397260274	0.268965517241	0.445205479452	0.431506849315	0.452054794521	0.8125	0.808219178082	0.801369863014	0.793103448276	0.801369863014	1.0	0.328767123288	0.335616438356	0.417808219178	0.465753424658	0.465753424658	0.308219178082	0.22602739726	0.387323943662	0.387323943662	0.34965034965	0.361111111111	0.298611111111	0.253424657534	0.260273972603	0.260273972603	0.31724137931	0.359154929577	0.303448275862	0.335616438356	0.458904109589	0.198630136986	0.212328767123	0.22602739726	0.198630136986	0.260273972603	0.212328767123	0.205479452055	0.215517241379	0.184397163121	0.176056338028	0.223880597015	0.213235294118	0.266666666667	0.272727272727	0.223140495868	0.217054263566	0.256198347107	0.184397163121	0.185714285714	0.185714285714	0.222222222222	0.194029850746	0.280303030303	0.201550387597	0.207692307692	0.204545454545	0.198630136986	0.191780821918	0.201550387597	0.194029850746	0.204545454545	0.201550387597	0.185840707965	0.246268656716	0.228346456693	0.246153846154	0.248062015504	0.438356164384	0.609929078014	0.641379310345	0.293706293706	0.27397260274	0.417808219178	0.347222222222	0.234482758621	0.316901408451	0.537931034483	0.534246575342	0.310344827586	0.212328767123	0.310344827586	0.22602739726	0.239726027397	0.22602739726	0.22602739726	0.22602739726	0.22602739726	0.219178082192	0.36301369863	0.36496350365	0.182481751825	0.267123287671	0.27397260274	0.333333333333	0.246575342466	0.246575342466	0.232876712329	0.445205479452	0.452054794521	0.452054794521	0.452054794521	0.383561643836	0.253424657534	0.239726027397	0.366197183099	0.634482758621	0.634482758621	0.259541984733	0.261538461538	0.239726027397	0.226277372263	0.397163120567	0.397163120567	0.308219178082	0.308219178082	0.308219178082	0.301369863014	0.22602739726	0.275862068966	0.207692307692	0.342465753425	0.21897810219	0.27397260274	0.605633802817	0.352112676056	0.356164383562	0.342465753425	0.191489361702	0.648275862069	0.616438356164	0.63698630137	0.207692307692	0.232876712329	0.308219178082	0.450704225352	0.2109375	0.207692307692	0.246575342466	0.464285714286	0.387323943662	
0.294520547945	0.324324324324	0.472602739726	0.48275862069	0.351351351351	0.324324324324	0.331081081081	0.319444444444	0.310810810811	0.312925170068	0.337931034483	0.315068493151	0.328767123288	1.0	0.986486486486	0.351351351351	0.337837837838	0.331081081081	0.560810810811	0.22972972973	0.338028169014	0.408450704225	0.405594405594	0.319444444444	0.333333333333	0.27027027027	0.277027027027	0.283783783784	0.324137931034	0.323943661972	0.337931034483	0.986486486486	0.331081081081	0.243243243243	0.209459459459	0.209459459459	0.209459459459	0.209459459459	0.195945945946	0.222972972973	0.26724137931	0.198581560284	0.197183098592	0.186567164179	0.169117647059	0.266666666667	0.239669421488	0.297520661157	0.240310077519	0.256198347107	0.205673758865	0.207142857143	0.171428571429	0.214814814815	0.216417910448	0.234848484848	0.209302325581	0.207692307692	0.204545454545	0.175675675676	0.175675675676	0.209302325581	0.216417910448	0.204545454545	0.209302325581	0.203539823009	0.208955223881	0.204724409449	0.2	0.201550387597	0.414965986395	0.347517730496	0.303448275862	0.503496503497	0.236486486486	0.337837837838	0.395833333333	0.31724137931	0.450704225352	0.31724137931	0.319727891156	0.358620689655	0.236486486486	0.551724137931	0.202702702703	0.202702702703	0.195945945946	0.182432432432	0.195945945946	0.182432432432	0.216216216216	0.243243243243	0.255474452555	0.204379562044	0.277027027027	0.27027027027	0.5	0.22972972973	0.22972972973	0.216216216216	0.317567567568	0.317567567568	0.317567567568	0.317567567568	0.391891891892	0.195945945946	0.195945945946	0.359154929577	0.310344827586	0.310344827586	0.259541984733	0.261538461538	0.195945945946	0.284671532847	0.354609929078	0.354609929078	0.560810810811	0.277027027027	0.277027027027	0.256756756757	0.297297297297	0.351724137931	0.238461538462	0.966216216216	0.197080291971	0.479452054795	0.352112676056	0.415492957746	0.918367346939	1.0	0.170212765957	0.331034482759	0.290540540541	0.333333333333	0.207692307692	0.216216216216	0.560810810811	0.323943661972	0.25	0.207692307692	0.202702702703	0.385714285714	0.401408450704	
0.294520547945	0.342281879195	0.479452054795	0.489655172414	0.369127516779	0.342281879195	0.348993288591	0.319444444444	0.310810810811	0.312925170068	0.331034482759	0.321917808219	0.335616438356	0.986486486486	1.0	0.362416107383	0.355704697987	0.348993288591	0.543624161074	0.208053691275	0.352112676056	0.415492957746	0.398601398601	0.333333333333	0.333333333333	0.248322147651	0.275167785235	0.275167785235	0.331034482759	0.338028169014	0.331034482759	0.972972972973	0.348993288591	0.214765100671	0.208053691275	0.201342281879	0.214765100671	0.214765100671	0.241610738255	0.248322147651	0.26724137931	0.198581560284	0.197183098592	0.201492537313	0.191176470588	0.233333333333	0.247933884298	0.305785123967	0.240310077519	0.272727272727	0.234042553191	0.235714285714	0.207142857143	0.22962962963	0.231343283582	0.234848484848	0.201550387597	0.2	0.204545454545	0.208053691275	0.208053691275	0.201550387597	0.201492537313	0.204545454545	0.201550387597	0.212389380531	0.208955223881	0.204724409449	0.2	0.201550387597	0.414965986395	0.347517730496	0.303448275862	0.496503496503	0.208053691275	0.355704697987	0.388888888889	0.324137931034	0.464788732394	0.31724137931	0.319727891156	0.351724137931	0.241610738255	0.551724137931	0.201342281879	0.201342281879	0.194630872483	0.181208053691	0.194630872483	0.181208053691	0.214765100671	0.243243243243	0.262773722628	0.21897810219	0.268456375839	0.268456375839	0.493055555556	0.234899328859	0.234899328859	0.214765100671	0.335570469799	0.335570469799	0.328859060403	0.328859060403	0.395973154362	0.214765100671	0.214765100671	0.359154929577	0.303448275862	0.303448275862	0.267175572519	0.269230769231	0.187919463087	0.284671532847	0.354609929078	0.354609929078	0.563758389262	0.268456375839	0.268456375839	0.275167785235	0.288590604027	0.344827586207	0.230769230769	0.953020134228	0.211678832117	0.486301369863	0.345070422535	0.394366197183	0.904761904762	0.986577181208	0.205673758865	0.331034482759	0.283783783784	0.333333333333	0.2	0.221476510067	0.563758389262	0.330985915493	0.234375	0.2	0.194630872483	0.4	0.408450704225	
